label	predict	radius	time
1	-1.0	-1.0	0:03:14.490871
1	1	0.1194	0:00:09.548348
1	16	0.4586	0:00:11.462175
1	1	0.1899	0:00:09.352433
1	1	0.4365	0:00:20.947488
8	8	0.1427	0:00:37.197493
8	8	0.4446	0:02:44.147432
8	-1.0	-1.0	0:02:55.629890
8	-1.0	-1.0	0:02:52.399601
8	8	0.1097	0:00:54.774806
10	8	0.3227	0:00:09.628146
10	-1.0	-1.0	0:03:01.808498
10	8	0.2518	0:00:12.217867
10	8	0.08306	0:01:50.845116
10	10	0.1873	0:00:15.829250
12	8	0.2226	0:00:10.585062
12	10	0.09424	0:01:25.597065
12	8	0.3349	0:00:09.756667
12	12	0.2651	0:00:12.204568
12	12	0.3564	0:00:07.355863
16	16	0.2431	0:00:12.867321
16	16	0.3876	0:00:11.132487
16	16	0.4172	0:00:11.392248
16	16	0.5054	0:00:13.855807
16	16	0.4441	0:00:09.207410
5	14	0.2845	0:00:13.219830
5	15	0.2724	0:00:08.721476
5	-1.0	-1.0	0:03:09.904674
5	15	0.3131	0:00:15.349387
5	5	0.06503	0:03:14.256449
14	14	0.2774	0:00:09.806566
14	14	0.3659	0:00:11.518728
14	14	0.3112	0:00:11.099696
14	-1.0	-1.0	0:03:08.002621
14	5	0.1763	0:00:14.150520
15	18	0.05782	0:01:01.093123
15	-1.0	-1.0	0:03:13.377796
15	15	0.3095	0:00:24.944405
15	14	0.2691	0:00:10.928363
15	14	0.1682	0:00:21.592234
16	16	0.5761	0:00:39.499934
16	-1.0	-1.0	0:03:17.074191
16	16	0.2461	0:00:10.316468
16	-1.0	-1.0	0:03:25.725320
16	16	0.6068	0:00:09.480953
18	-1.0	-1.0	0:03:11.781553
18	15	0.3945	0:01:30.766462
18	-1.0	-1.0	0:02:44.261513
18	14	0.3803	0:00:52.512590
18	14	0.4812	0:00:11.539342
2	18	0.1961	0:00:54.305547
2	-1.0	-1.0	0:03:13.071316
2	-1.0	-1.0	0:03:13.740538
2	-1.0	-1.0	0:02:48.740177
2	-1.0	-1.0	0:02:39.165499
4	2	0.1135	0:02:25.030434
4	-1.0	-1.0	0:02:41.291485
4	-1.0	-1.0	0:02:50.520155
4	-1.0	-1.0	0:02:56.419635
4	5	0.1621	0:00:23.022940
5	-1.0	-1.0	0:02:54.025399
5	18	0.4325	0:00:11.481063
5	-1.0	-1.0	0:02:58.801615
5	18	0.07555	0:01:08.268670
5	8	0.3129	0:00:58.221495
8	-1.0	-1.0	0:03:29.986981
8	8	0.4676	0:01:01.012503
8	-1.0	-1.0	0:02:44.240962
8	-1.0	-1.0	0:03:13.134504
8	-1.0	-1.0	0:02:51.834420
18	8	0.4452	0:00:47.915957
18	4	0.4514	0:01:12.107540
18	-1.0	-1.0	0:02:50.375566
18	8	0.4	0:00:21.434042
18	4	0.2683	0:02:47.278451
8	8	0.6036	0:00:10.935106
8	-1.0	-1.0	0:03:14.755373
8	10	0.3617	0:00:10.957255
8	10	0.4721	0:00:14.816818
8	16	0.2122	0:00:24.239010
10	10	0.4594	0:00:07.818701
10	10	0.1333	0:01:18.738014
10	8	0.2132	0:00:29.645219
10	10	0.4108	0:00:11.078746
10	10	0.429	0:00:07.687924
11	11	0.378	0:00:11.520077
11	18	0.3369	0:00:08.310382
11	-1.0	-1.0	0:02:54.989187
11	11	0.1345	0:00:11.428528
11	10	0.1729	0:02:44.870661
16	18	0.1307	0:01:03.049081
16	-1.0	-1.0	0:02:47.185394
16	16	0.327	0:00:12.847491
16	16	0.4639	0:00:12.775295
16	16	0.4424	0:00:09.896204
18	-1.0	-1.0	0:02:36.511832
18	-1.0	-1.0	0:02:45.939217
18	16	0.386	0:00:10.923012
18	10	0.4876	0:00:10.536350
18	10	0.4088	0:00:15.128354
0	7	0.09532	0:00:35.534048
0	0	0.117	0:01:39.613507
0	-1.0	-1.0	0:02:52.393919
0	-1.0	-1.0	0:02:57.556177
0	-1.0	-1.0	0:02:50.926349
7	7	0.2067	0:00:13.630574
7	7	0.828	0:00:12.792657
7	7	0.5363	0:00:09.181351
7	7	0.6529	0:00:26.748071
7	7	0.9014	0:00:28.398766
11	-1.0	-1.0	0:02:59.136245
11	-1.0	-1.0	0:02:51.379658
11	11	0.07768	0:01:42.424352
11	7	0.255	0:00:29.054427
11	11	0.1043	0:00:46.996283
12	-1.0	-1.0	0:03:02.489327
12	12	0.4688	0:00:23.515306
12	12	0.6335	0:02:07.423267
12	12	0.6621	0:02:52.095778
12	-1.0	-1.0	0:03:21.247704
15	15	0.1612	0:00:09.755602
15	12	0.4028	0:00:09.078698
15	0	0.1414	0:00:33.174057
15	-1.0	-1.0	0:03:10.131824
15	12	0.2153	0:01:09.634330
6	-1.0	-1.0	0:02:41.787448
6	-1.0	-1.0	0:02:49.192639
6	6	0.1687	0:00:12.351462
6	16	0.214	0:00:25.349262
6	6	0.5427	0:00:07.937429
9	16	0.2622	0:00:27.386764
9	16	0.3084	0:00:28.287154
9	-1.0	-1.0	0:03:26.691287
9	16	0.1655	0:00:16.604710
9	16	0.1764	0:00:13.607116
10	10	0.6416	0:00:59.396049
10	10	0.3735	0:00:13.201789
10	10	0.7542	0:00:14.175618
10	-1.0	-1.0	0:03:38.672991
10	-1.0	-1.0	0:03:23.579847
16	-1.0	-1.0	0:03:07.538284
16	-1.0	-1.0	0:02:59.299136
16	16	0.4577	0:00:32.438422
16	16	0.2736	0:00:12.918531
16	9	0.1944	0:00:21.699892
18	6	0.05521	0:02:05.098691
18	10	0.241	0:00:38.662083
18	-1.0	-1.0	0:03:11.384397
18	16	0.3805	0:00:15.031356
18	10	0.1674	0:00:14.020799
3	6	0.08541	0:00:41.929810
3	-1.0	-1.0	0:02:45.361776
3	4	0.4472	0:00:08.049692
3	-1.0	-1.0	0:02:43.379801
3	3	0.2034	0:01:08.743304
4	-1.0	-1.0	0:02:43.380644
4	4	0.5921	0:00:07.768582
4	4	0.2963	0:00:25.808584
4	4	0.1312	0:02:45.535361
4	16	0.3845	0:00:28.309913
6	16	0.2337	0:00:25.566372
6	6	0.3192	0:00:09.430077
6	7	0.2873	0:00:22.775140
6	-1.0	-1.0	0:03:34.867972
6	6	0.2961	0:00:13.030217
7	7	0.7146	0:00:59.762406
7	-1.0	-1.0	0:03:25.170272
7	-1.0	-1.0	0:03:15.135220
7	7	0.5681	0:01:10.219253
7	7	0.4613	0:01:13.628762
16	-1.0	-1.0	0:02:46.774598
16	-1.0	-1.0	0:02:57.879071
16	-1.0	-1.0	0:03:08.442828
16	16	0.9003	0:00:21.941724
16	16	0.4006	0:00:07.222514
4	15	0.3968	0:00:21.932601
4	11	0.2123	0:00:13.697959
4	15	0.1742	0:00:30.599731
4	4	0.4484	0:00:23.699151
4	4	0.07712	0:01:43.624434
6	7	0.1796	0:01:24.621324
6	-1.0	-1.0	0:02:59.506167
6	11	0.07749	0:01:24.190603
6	6	0.5002	0:00:10.624903
6	7	0.1041	0:00:25.570595
7	-1.0	-1.0	0:03:18.013810
7	15	0.642	0:00:09.816997
7	7	0.6142	0:01:09.579726
7	-1.0	-1.0	0:02:55.233751
7	7	0.3984	0:00:09.692983
11	4	0.4885	0:00:10.884123
11	6	0.3457	0:00:13.635067
11	11	0.1925	0:01:29.117592
11	6	0.2494	0:00:33.044005
11	-1.0	-1.0	0:02:32.035410
15	15	0.2837	0:00:07.316645
15	15	0.5654	0:01:27.155396
15	7	0.202	0:00:05.216310
15	6	0.1466	0:00:14.873316
15	6	0.3638	0:00:06.516619
1	14	0.1785	0:00:08.334656
1	17	0.06084	0:00:42.224029
1	3	0.484	0:00:06.056842
1	17	0.1384	0:00:05.947433
1	2	0.2394	0:00:07.174166
2	14	0.3361	0:00:06.400449
2	17	0.06707	0:00:35.044351
2	14	0.4166	0:00:05.711280
2	-1.0	-1.0	0:01:55.177071
2	14	0.2635	0:00:07.146813
3	1	0.1421	0:00:07.489825
3	14	0.1008	0:00:16.990671
3	2	0.287	0:00:38.975721
3	-1.0	-1.0	0:01:45.575528
3	2	0.1502	0:00:05.353689
14	14	0.3	0:00:05.703339
14	-1.0	-1.0	0:02:02.114034
14	-1.0	-1.0	0:01:56.049454
14	-1.0	-1.0	0:02:10.850075
14	2	0.3427	0:00:11.176785
17	-1.0	-1.0	0:02:15.205381
17	-1.0	-1.0	0:02:07.050436
17	2	0.3071	0:00:08.162657
17	14	0.09608	0:00:11.870605
17	-1.0	-1.0	0:02:03.565909
3	-1.0	-1.0	0:01:52.275393
3	18	0.1477	0:00:17.522255
3	-1.0	-1.0	0:02:16.029137
3	15	0.1329	0:00:25.886815
3	18	0.4445	0:01:16.879234
7	7	0.6287	0:00:08.428229
7	7	0.5833	0:00:05.936035
7	7	0.4307	0:00:07.935855
7	7	0.3755	0:00:06.378563
7	7	0.4184	0:00:05.179698
13	-1.0	-1.0	0:01:41.216999
13	3	0.08186	0:00:52.646101
13	3	0.2097	0:00:05.777322
13	7	0.4424	0:00:07.895751
13	-1.0	-1.0	0:01:55.761565
15	18	0.1003	0:00:34.429156
15	-1.0	-1.0	0:01:31.314294
15	-1.0	-1.0	0:01:41.437715
15	18	0.2613	0:00:06.101462
15	-1.0	-1.0	0:01:37.620541
18	18	0.4719	0:00:09.036052
18	7	0.1966	0:00:08.198765
18	18	0.2309	0:00:05.161141
18	-1.0	-1.0	0:01:59.625744
18	18	0.1015	0:00:39.346083
1	2	0.3904	0:00:05.190657
1	-1.0	-1.0	0:02:04.972165
1	-1.0	-1.0	0:01:56.113766
1	2	0.2903	0:00:07.092188
1	10	0.2817	0:00:12.128340
2	-1.0	-1.0	0:02:01.412006
2	9	0.09425	0:00:14.627126
2	2	0.3697	0:00:18.298549
2	2	0.2706	0:00:33.555442
2	10	0.4284	0:01:14.759900
4	-1.0	-1.0	0:01:53.278707
4	-1.0	-1.0	0:02:05.509873
4	4	0.4273	0:00:06.318610
4	2	0.1648	0:00:10.499873
4	-1.0	-1.0	0:01:45.821422
9	2	0.2989	0:00:27.296229
9	-1.0	-1.0	0:01:50.457350
9	-1.0	-1.0	0:01:46.873388
9	-1.0	-1.0	0:01:45.823813
9	-1.0	-1.0	0:01:35.462227
10	9	0.1258	0:00:13.816939
10	-1.0	-1.0	0:01:59.039389
10	10	0.5024	0:00:06.436316
10	10	0.1339	0:00:06.891129
10	-1.0	-1.0	0:01:50.720295
3	-1.0	-1.0	0:01:44.570270
3	8	0.1834	0:00:18.198025
3	4	0.0741	0:00:20.551164
3	8	0.5492	0:00:11.534254
3	-1.0	-1.0	0:01:52.115141
4	4	0.07322	0:00:35.017258
4	3	0.4562	0:00:06.290604
4	-1.0	-1.0	0:01:54.558166
4	4	0.4015	0:00:05.952876
4	-1.0	-1.0	0:01:44.221998
6	6	0.3351	0:00:35.108437
6	6	0.2626	0:00:13.718139
6	6	0.3918	0:00:15.807491
6	8	0.3736	0:00:06.289570
6	-1.0	-1.0	0:01:42.794703
8	8	0.2089	0:00:22.736755
8	8	0.2594	0:00:14.448540
8	8	0.4704	0:00:09.094172
8	8	0.185	0:00:22.933671
8	8	0.3813	0:00:06.861326
12	-1.0	-1.0	0:02:00.030889
12	-1.0	-1.0	0:01:48.655029
12	8	0.2733	0:00:06.773975
12	8	0.1189	0:00:53.259463
12	8	0.1364	0:00:28.157966
7	7	0.2636	0:00:07.488874
7	7	0.6185	0:00:05.739402
7	7	0.568	0:00:06.805173
7	7	0.5147	0:00:08.740189
7	7	0.7032	0:00:05.481278
11	11	0.3124	0:01:27.799261
11	17	0.1103	0:00:22.953803
11	12	0.2157	0:00:15.474235
11	11	0.5893	0:00:24.894867
11	12	0.1121	0:00:27.701187
12	12	0.6642	0:00:13.585103
12	12	0.4865	0:00:16.062657
12	12	0.4695	0:00:07.478868
12	12	0.5207	0:00:19.263445
12	12	0.124	0:00:12.101228
16	16	0.2086	0:00:07.335246
16	16	0.5256	0:00:24.292900
16	16	0.2833	0:00:06.343946
16	16	0.5405	0:00:05.146408
16	16	0.7558	0:00:06.749865
17	12	0.06381	0:01:20.538338
17	12	0.08534	0:00:34.174016
17	12	0.2413	0:00:06.202949
17	-1.0	-1.0	0:02:06.598696
17	12	0.3508	0:00:05.193696
0	0	0.226	0:00:05.224802
0	0	0.4068	0:00:05.167097
0	-1.0	-1.0	0:01:41.184491
0	6	0.1346	0:02:42.156431
0	6	0.3484	0:00:13.009407
1	-1.0	-1.0	0:03:01.388313
1	1	0.3823	0:00:14.132121
1	1	0.268	0:00:13.505174
1	11	0.08296	0:00:40.844908
1	-1.0	-1.0	0:03:02.660703
6	6	0.7417	0:00:14.589211
6	6	0.5569	0:00:08.296075
6	-1.0	-1.0	0:03:04.197539
6	6	0.6656	0:00:11.580022
6	0	0.09127	0:00:50.692546
11	-1.0	-1.0	0:03:14.104645
11	11	0.366	0:00:12.046193
11	-1.0	-1.0	0:02:49.499320
11	-1.0	-1.0	0:02:53.282591
11	11	0.05258	0:01:31.933584
18	-1.0	-1.0	0:02:55.100915
18	11	0.3922	0:01:01.523864
18	1	0.2468	0:00:13.407177
18	0	0.1229	0:00:30.924378
18	1	0.4398	0:00:11.331227
5	18	0.06411	0:02:04.363542
5	5	0.05179	0:02:49.130909
5	5	0.1231	0:00:22.092639
5	-1.0	-1.0	0:03:04.291602
5	-1.0	-1.0	0:02:57.829900
13	13	0.2988	0:00:22.832405
13	5	0.1937	0:02:25.023347
13	-1.0	-1.0	0:02:52.562647
13	-1.0	-1.0	0:02:42.820032
13	18	0.09379	0:00:41.619265
15	18	0.1967	0:00:22.266170
15	-1.0	-1.0	0:02:40.933028
15	13	0.1669	0:00:24.392835
15	18	0.2356	0:00:48.822015
15	-1.0	-1.0	0:02:40.925036
17	-1.0	-1.0	0:03:03.368385
17	5	0.3266	0:02:22.473560
17	-1.0	-1.0	0:02:44.474876
17	-1.0	-1.0	0:02:46.090178
17	13	0.2351	0:00:49.894672
18	18	0.479	0:00:13.116084
18	-1.0	-1.0	0:02:43.056928
18	18	0.2038	0:00:09.769460
18	18	0.3535	0:00:12.699580
18	5	0.1202	0:01:12.350987
1	1	0.05316	0:02:41.473636
1	1	0.04711	0:02:08.447536
1	-1.0	-1.0	0:02:45.582740
1	1	0.03856	0:02:25.801679
1	-1.0	-1.0	0:03:06.575380
5	5	0.2754	0:00:09.990312
5	13	0.5045	0:01:51.016804
5	5	0.3259	0:00:18.698285
5	-1.0	-1.0	0:02:45.978515
5	5	0.2651	0:00:22.352863
8	8	0.1641	0:00:22.039422
8	8	0.1599	0:00:08.071675
8	8	0.2216	0:00:07.352124
8	-1.0	-1.0	0:02:59.941761
8	8	0.4429	0:00:22.304040
13	5	0.1214	0:00:25.691173
13	13	0.0803	0:01:13.365128
13	-1.0	-1.0	0:02:56.420116
13	5	0.3601	0:00:11.381416
13	-1.0	-1.0	0:02:40.337071
18	18	0.2114	0:00:51.907557
18	13	0.06849	0:00:33.709688
18	13	0.3163	0:00:12.642112
18	-1.0	-1.0	0:03:04.479048
18	1	0.08094	0:00:52.143003
3	-1.0	-1.0	0:02:47.820865
3	4	0.09599	0:00:44.079361
3	6	0.1791	0:00:11.501354
3	4	0.1258	0:00:24.560256
3	3	0.1409	0:00:11.475526
4	4	0.1428	0:00:41.295467
4	-1.0	-1.0	0:02:48.107539
4	-1.0	-1.0	0:02:23.287392
4	-1.0	-1.0	0:02:21.509418
4	-1.0	-1.0	0:02:44.407194
6	-1.0	-1.0	0:02:36.001531
6	-1.0	-1.0	0:02:39.277306
6	-1.0	-1.0	0:02:46.227929
6	6	0.1898	0:00:11.551579
6	-1.0	-1.0	0:02:39.019377
10	12	0.2279	0:00:10.597299
10	10	0.1849	0:00:12.095678
10	10	0.2442	0:00:13.497721
10	12	0.4011	0:00:08.767950
10	10	0.146	0:00:20.856279
12	12	0.232	0:00:11.955106
12	12	0.6185	0:00:12.743077
12	12	0.258	0:00:07.236127
12	-1.0	-1.0	0:02:24.416842
12	12	0.07293	0:00:29.736402
2	-1.0	-1.0	0:02:45.713067
2	10	0.1339	0:01:59.853304
2	11	0.06402	0:01:06.502097
2	-1.0	-1.0	0:02:29.909082
2	2	0.1949	0:00:10.495279
5	5	0.106	0:00:51.046130
5	17	0.07825	0:01:51.936807
5	17	0.3839	0:00:11.175695
5	-1.0	-1.0	0:02:46.776196
5	5	0.0931	0:01:20.859422
10	17	0.199	0:00:24.982418
10	17	0.1272	0:00:35.730127
10	17	0.2473	0:00:11.548241
10	5	0.1369	0:00:36.757554
10	17	0.1182	0:00:50.879001
11	2	0.1018	0:00:37.560226
11	2	0.333	0:00:49.230706
11	17	0.2917	0:00:11.313046
11	-1.0	-1.0	0:02:38.044593
11	5	0.3021	0:00:11.627376
17	-1.0	-1.0	0:02:33.662617
17	17	0.1291	0:00:34.647116
17	17	0.1467	0:00:36.413356
17	-1.0	-1.0	0:02:34.404570
17	5	0.1817	0:00:18.054091
5	17	0.08567	0:00:50.046999
5	7	0.03915	0:01:13.284466
5	-1.0	-1.0	0:02:32.305395
5	17	0.08858	0:00:50.746570
5	5	0.0951	0:00:39.026314
7	7	0.2809	0:00:11.223469
7	7	0.3744	0:00:09.342314
7	7	0.2111	0:00:11.732140
7	7	0.7501	0:00:34.410160
7	7	0.7228	0:00:11.826407
10	-1.0	-1.0	0:02:36.341853
10	10	0.1212	0:00:19.152885
10	-1.0	-1.0	0:02:27.554389
10	5	0.434	0:00:10.010301
10	5	0.1646	0:00:09.428059
13	-1.0	-1.0	0:02:40.523657
13	-1.0	-1.0	0:02:48.775269
13	5	0.2334	0:00:10.149627
13	-1.0	-1.0	0:02:39.024299
13	-1.0	-1.0	0:02:52.871997
17	-1.0	-1.0	0:02:37.625099
17	5	0.3135	0:00:08.729766
17	5	0.4782	0:00:11.785061
17	-1.0	-1.0	0:02:51.104152
17	17	0.2169	0:00:35.897276
0	0	0.1629	0:00:26.608863
0	-1.0	-1.0	0:02:51.754591
0	12	0.168	0:00:07.536240
0	14	0.04249	0:01:34.731966
0	0	0.2241	0:01:47.485528
4	12	0.1246	0:00:38.812791
4	4	0.2789	0:00:11.381683
4	-1.0	-1.0	0:02:42.378871
4	12	0.135	0:00:24.225154
4	14	0.3264	0:00:10.435349
9	14	0.2776	0:00:21.429793
9	4	0.2788	0:00:11.566581
9	-1.0	-1.0	0:02:39.273842
9	9	0.09408	0:00:47.631281
9	0	0.07516	0:01:31.567914
12	-1.0	-1.0	0:02:47.194925
12	-1.0	-1.0	0:02:52.823247
12	-1.0	-1.0	0:02:42.559269
12	-1.0	-1.0	0:02:46.576157
12	9	0.1213	0:01:29.634061
14	-1.0	-1.0	0:02:35.921464
14	-1.0	-1.0	0:02:31.234394
14	14	0.07805	0:00:34.292762
14	0	0.1124	0:00:20.053655
14	0	0.4401	0:00:48.788312
