label	predict	radius	time
12	35	0.08868	0:03:37.608247
12	12	0.3209	0:00:31.545956
12	35	0.2159	0:02:12.090314
12	42	0.039	0:05:52.680797
12	35	0.06421	0:08:11.847132
35	35	0.212	0:00:33.721021
35	35	0.2104	0:00:26.955880
35	12	0.1023	0:02:31.368004
35	35	0.1307	0:00:37.804683
35	-1.0	-1.0	0:08:38.721621
41	12	0.6271	0:00:29.845546
41	12	0.07799	0:05:09.952358
41	12	0.3436	0:00:33.668060
41	35	0.2918	0:00:30.260317
41	12	0.6928	0:01:16.776174
42	12	0.06424	0:07:39.237694
42	-1.0	-1.0	0:08:07.984447
42	42	0.09593	0:01:50.119331
42	-1.0	-1.0	0:07:52.379085
42	45	0.07601	0:07:14.628602
45	35	0.0635	0:08:30.529546
45	12	0.2334	0:01:04.782184
45	12	0.29	0:01:13.854730
45	42	0.6337	0:00:32.947695
45	-1.0	-1.0	0:08:20.201237
1	1	0.4878	0:00:27.563395
1	1	0.4963	0:00:27.453931
1	1	0.2034	0:00:32.713586
1	1	0.496	0:00:30.009784
1	-1.0	-1.0	0:08:37.908978
4	43	0.05221	0:06:58.562323
4	4	0.2553	0:00:40.885029
4	4	0.2444	0:01:14.314488
4	-1.0	-1.0	0:08:08.098814
4	4	0.1868	0:00:35.633693
28	1	0.2575	0:00:33.402188
28	-1.0	-1.0	0:07:18.501842
28	1	0.1364	0:01:04.318802
28	28	0.2086	0:00:31.641825
28	1	0.79	0:00:29.839223
32	-1.0	-1.0	0:07:26.584713
32	1	0.5022	0:00:33.007331
32	4	0.551	0:01:38.799676
32	1	0.4403	0:01:01.196184
32	28	0.2966	0:03:51.659880
43	28	0.1547	0:00:29.276816
43	-1.0	-1.0	0:07:46.843647
43	43	0.3791	0:00:33.283044
43	4	0.1275	0:01:15.357140
43	43	0.09699	0:08:15.840184
4	4	0.04866	0:06:48.021806
4	26	0.3042	0:00:31.641705
4	4	0.2956	0:00:29.719257
4	26	0.3948	0:00:26.345763
4	4	0.61	0:00:26.489115
12	12	0.2011	0:00:32.078754
12	26	0.2147	0:00:32.236192
12	-1.0	-1.0	0:07:35.890649
12	4	0.09882	0:01:44.214963
12	12	0.4371	0:01:03.245560
26	26	0.3848	0:00:29.381590
26	12	0.0542	0:04:43.594661
26	26	0.1496	0:02:35.228399
26	-1.0	-1.0	0:08:26.292248
26	26	0.05322	0:04:59.851840
33	33	0.6396	0:00:32.034786
33	33	0.5515	0:00:33.371151
33	33	0.1999	0:00:32.884437
33	37	0.09788	0:01:06.271832
33	33	0.3542	0:00:27.300297
37	-1.0	-1.0	0:08:12.036575
37	37	0.3449	0:00:34.911391
37	37	0.2908	0:00:27.335419
37	37	0.4589	0:01:08.771549
37	37	0.5758	0:00:25.698543
10	-1.0	-1.0	0:08:52.944850
10	10	0.143	0:03:56.121361
10	46	0.079	0:05:28.619431
10	-1.0	-1.0	0:08:11.604809
10	-1.0	-1.0	0:08:00.039879
12	46	0.3555	0:00:33.711744
12	49	0.2915	0:00:36.427379
12	46	0.3766	0:00:34.580839
12	-1.0	-1.0	0:07:39.160448
12	-1.0	-1.0	0:07:52.262842
44	46	0.4227	0:00:30.919529
44	-1.0	-1.0	0:07:12.373481
44	-1.0	-1.0	0:06:59.285026
44	49	0.3524	0:00:32.715297
44	46	0.07033	0:06:19.505742
46	46	0.1348	0:00:56.005224
46	-1.0	-1.0	0:07:01.643237
46	46	0.09768	0:02:09.366563
46	10	0.1436	0:04:24.186928
46	46	0.2626	0:06:38.763666
49	49	0.2154	0:01:13.848381
49	49	0.6481	0:00:40.226214
49	49	0.6801	0:00:29.992908
49	49	0.5556	0:00:29.692968
49	49	0.2219	0:01:09.898234
2	2	0.1766	0:01:09.012419
2	2	0.1305	0:01:49.021103
2	-1.0	-1.0	0:07:02.092169
2	2	0.3782	0:00:29.224126
2	2	0.3761	0:00:33.690525
8	8	0.5788	0:00:29.045185
8	-1.0	-1.0	0:07:10.029112
8	8	0.289	0:00:58.687470
8	-1.0	-1.0	0:07:26.067472
8	8	0.339	0:00:32.674542
11	-1.0	-1.0	0:07:21.929080
11	28	0.107	0:01:45.085244
11	2	0.2244	0:00:35.176223
11	-1.0	-1.0	0:06:54.877144
11	-1.0	-1.0	0:07:17.020530
12	12	0.1745	0:00:34.528171
12	11	0.0966	0:02:29.234726
12	-1.0	-1.0	0:06:48.386678
12	12	0.549	0:00:31.713166
12	2	0.2748	0:00:32.843173
28	8	0.149	0:02:51.296706
28	28	0.1993	0:02:52.965835
28	-1.0	-1.0	0:07:04.966507
28	2	0.1896	0:01:37.360750
28	8	0.04867	0:03:40.324635
10	10	0.2145	0:01:02.246225
10	11	0.3695	0:04:26.131514
10	25	0.3102	0:01:30.814546
10	25	0.09747	0:06:02.022317
10	25	0.15	0:02:09.320511
11	10	0.04384	0:05:09.763889
11	15	0.2048	0:01:31.965450
11	15	0.2319	0:00:27.609429
11	15	0.9734	0:00:27.029339
11	11	0.8311	0:00:33.301418
15	15	0.7753	0:00:32.562736
15	15	0.2408	0:00:32.591513
15	15	0.8008	0:00:27.955436
15	15	0.6353	0:00:26.068157
15	15	0.6962	0:00:33.100769
25	-1.0	-1.0	0:06:56.908002
25	45	0.09161	0:00:58.226769
25	45	0.1731	0:00:37.324739
25	45	0.07971	0:03:48.594928
25	45	0.2773	0:01:00.446874
45	-1.0	-1.0	0:07:27.833971
45	15	0.08217	0:00:59.427449
45	45	0.3248	0:00:34.159099
45	-1.0	-1.0	0:07:20.271546
45	-1.0	-1.0	0:07:18.160267
4	4	0.988	0:00:36.884725
4	4	0.6949	0:01:08.128497
4	4	0.7857	0:00:33.554342
4	-1.0	-1.0	0:08:02.401106
4	4	0.6821	0:00:25.597341
8	-1.0	-1.0	0:07:23.112683
8	-1.0	-1.0	0:07:07.387112
8	42	0.4814	0:03:16.246793
8	42	0.1135	0:01:06.939250
8	42	0.1205	0:01:08.982860
30	-1.0	-1.0	0:07:35.151936
30	30	0.9367	0:01:07.489590
30	30	0.1811	0:01:13.247722
30	30	0.2903	0:00:31.821461
30	30	0.7419	0:02:18.151891
34	42	0.3178	0:02:55.912169
34	8	0.4452	0:02:13.292273
34	-1.0	-1.0	0:07:32.590099
34	8	0.1107	0:04:30.762182
34	8	0.2052	0:01:10.280359
42	42	0.8035	0:01:09.117438
42	42	0.1831	0:00:32.775900
42	42	0.7343	0:01:48.410421
42	42	0.2831	0:01:15.902381
42	-1.0	-1.0	0:07:03.201466
3	12	0.05119	0:05:08.258724
3	-1.0	-1.0	0:07:10.984208
3	3	0.4166	0:00:30.071712
3	3	0.2669	0:00:30.024493
3	3	0.7995	0:00:36.698529
12	-1.0	-1.0	0:07:26.829480
12	3	0.4811	0:00:36.252585
12	3	0.1576	0:00:38.794949
12	12	0.1603	0:03:25.637890
12	12	0.2001	0:05:51.717223
13	-1.0	-1.0	0:07:46.041323
13	-1.0	-1.0	0:08:08.144757
13	-1.0	-1.0	0:07:30.599571
13	-1.0	-1.0	0:07:17.334229
13	-1.0	-1.0	0:08:13.137337
33	-1.0	-1.0	0:07:58.471838
33	-1.0	-1.0	0:07:19.066681
33	-1.0	-1.0	0:07:32.054819
33	-1.0	-1.0	0:07:24.518708
33	-1.0	-1.0	0:07:50.855821
48	12	0.07244	0:02:21.615208
48	-1.0	-1.0	0:07:04.001545
48	12	0.4673	0:03:06.828032
48	-1.0	-1.0	0:07:11.890603
48	3	0.1848	0:00:41.276206
13	13	0.541	0:00:31.640239
13	13	0.5405	0:00:31.106702
13	13	0.5014	0:00:34.676541
13	13	0.4928	0:00:28.806572
13	13	0.5453	0:00:36.269574
22	-1.0	-1.0	0:07:29.209589
22	22	0.2416	0:00:27.833348
22	-1.0	-1.0	0:07:02.122461
22	-1.0	-1.0	0:07:12.318542
22	30	0.1126	0:01:06.617450
30	-1.0	-1.0	0:07:20.162696
30	41	0.5398	0:00:30.577111
30	41	0.1515	0:01:33.804179
30	-1.0	-1.0	0:07:06.717869
30	41	0.3459	0:00:38.592194
41	41	0.5914	0:00:32.360796
41	-1.0	-1.0	0:07:17.218010
41	41	0.1127	0:01:33.577985
41	47	0.3464	0:00:26.528219
41	-1.0	-1.0	0:07:09.038910
47	41	0.233	0:00:34.185992
47	41	0.2163	0:00:35.040144
47	-1.0	-1.0	0:07:41.409271
47	41	0.2364	0:00:31.230437
47	41	0.3531	0:00:36.830434
4	4	0.3426	0:00:30.859756
4	4	0.3473	0:00:30.472154
4	-1.0	-1.0	0:06:59.328335
4	-1.0	-1.0	0:07:09.885803
4	4	0.4415	0:00:33.298996
5	30	0.1054	0:06:41.152421
5	-1.0	-1.0	0:07:57.236525
5	4	0.1539	0:02:35.242582
5	4	0.2392	0:01:02.493725
5	30	0.1844	0:01:15.425575
30	30	0.8649	0:04:48.003801
30	41	0.7126	0:04:00.501068
30	30	0.2514	0:00:30.078160
30	-1.0	-1.0	0:07:48.656251
30	-1.0	-1.0	0:07:55.921970
36	5	0.5098	0:00:39.490404
36	41	0.1588	0:01:09.136650
36	5	0.3631	0:00:32.684400
36	5	0.1771	0:03:03.061264
36	4	0.2432	0:01:10.629097
41	5	0.09814	0:06:41.522574
41	-1.0	-1.0	0:07:29.568590
41	-1.0	-1.0	0:07:57.617021
41	-1.0	-1.0	0:07:28.035060
41	30	0.2915	0:00:31.051815
