label	predict	radius	time
0	16	0.29	0:00:06.547329
0	-1.0	-1.0	0:02:07.424093
0	16	0.5065	0:00:30.274635
0	-1.0	-1.0	0:02:14.486856
0	16	0.06691	0:00:26.815424
5	5	0.4431	0:00:14.079522
5	-1.0	-1.0	0:02:19.488276
5	5	0.05266	0:01:09.147856
5	-1.0	-1.0	0:01:58.482504
5	5	0.2225	0:00:07.318096
7	5	0.3471	0:00:08.582426
7	5	0.3348	0:00:13.805803
7	16	0.1078	0:00:14.574349
7	-1.0	-1.0	0:02:20.847740
7	5	0.1901	0:00:17.979053
16	-1.0	-1.0	0:02:00.057512
16	16	0.4829	0:00:06.403806
16	16	0.6633	0:00:06.124584
16	16	0.6011	0:00:45.813662
16	-1.0	-1.0	0:01:59.310429
17	5	0.05219	0:00:44.851073
17	16	0.2497	0:00:07.912116
17	-1.0	-1.0	0:01:55.096931
17	-1.0	-1.0	0:02:06.117379
17	-1.0	-1.0	0:01:57.648798
2	15	0.09349	0:01:48.806304
2	2	0.6579	0:00:07.812228
2	-1.0	-1.0	0:01:51.430632
2	-1.0	-1.0	0:01:59.386926
2	2	0.5078	0:00:13.510392
8	15	0.1294	0:00:44.339547
8	-1.0	-1.0	0:02:02.458431
8	-1.0	-1.0	0:02:03.390754
8	-1.0	-1.0	0:02:08.005563
8	-1.0	-1.0	0:02:06.129679
13	-1.0	-1.0	0:02:04.861891
13	-1.0	-1.0	0:02:27.199052
13	15	0.6249	0:00:12.903478
13	-1.0	-1.0	0:02:03.802391
13	8	0.3473	0:00:21.372659
14	14	0.3733	0:00:08.750196
14	-1.0	-1.0	0:01:57.657290
14	-1.0	-1.0	0:02:24.020083
14	-1.0	-1.0	0:02:17.418039
14	-1.0	-1.0	0:02:03.852611
15	-1.0	-1.0	0:01:56.641933
15	-1.0	-1.0	0:02:14.224030
15	15	0.2621	0:00:16.352518
15	-1.0	-1.0	0:02:06.192922
15	15	0.3895	0:00:15.802390
14	14	0.1906	0:00:06.182572
14	14	0.4505	0:00:06.215024
14	15	0.2255	0:00:13.461658
14	-1.0	-1.0	0:02:08.405914
14	14	0.3805	0:00:10.167010
15	15	0.4282	0:00:06.112553
15	-1.0	-1.0	0:01:52.072709
15	15	0.1893	0:00:06.974040
15	-1.0	-1.0	0:01:57.567368
15	-1.0	-1.0	0:02:11.196191
16	14	0.1352	0:00:14.573076
16	-1.0	-1.0	0:01:55.751871
16	15	0.527	0:00:17.607866
16	-1.0	-1.0	0:02:22.394471
16	-1.0	-1.0	0:02:12.417848
17	17	0.3765	0:00:18.577954
17	18	0.1311	0:00:05.262178
17	-1.0	-1.0	0:02:11.590501
17	14	0.2056	0:00:07.753588
17	14	0.4835	0:00:17.338945
18	18	0.08547	0:00:14.181016
18	14	0.3365	0:00:51.993713
18	-1.0	-1.0	0:02:14.472252
18	15	0.5612	0:00:06.027014
18	15	0.1414	0:00:05.978086
0	0	0.2592	0:00:06.463678
0	-1.0	-1.0	0:02:01.198233
0	-1.0	-1.0	0:02:00.184767
0	0	0.4413	0:00:20.035381
0	-1.0	-1.0	0:01:43.919071
7	15	0.106	0:00:51.930016
7	0	0.3065	0:00:06.846843
7	-1.0	-1.0	0:02:06.611527
7	13	0.2321	0:00:08.335373
7	16	0.1154	0:00:23.744854
13	-1.0	-1.0	0:02:04.404302
13	13	0.2024	0:00:47.865490
13	-1.0	-1.0	0:01:57.808029
13	13	0.3062	0:01:44.395444
13	0	0.1919	0:00:06.651569
15	0	0.412	0:00:21.471115
15	-1.0	-1.0	0:02:08.784356
15	15	0.3551	0:00:05.418238
15	13	0.2078	0:00:10.373198
15	16	0.08225	0:00:45.479375
16	16	0.2508	0:00:07.284807
16	16	0.3477	0:00:05.741745
16	16	0.3178	0:00:06.563618
16	16	0.3579	0:00:06.215996
16	16	0.2824	0:00:05.917561
3	-1.0	-1.0	0:02:29.186483
3	16	0.07745	0:00:58.588973
3	8	0.191	0:00:06.462164
3	8	0.5576	0:00:05.582647
3	8	0.4745	0:00:30.364229
4	8	0.7269	0:01:07.820741
4	8	0.6093	0:00:28.563552
4	8	0.1783	0:00:31.982148
4	8	0.6163	0:00:05.421998
4	8	0.3077	0:01:06.042612
8	8	0.3372	0:00:05.915567
8	-1.0	-1.0	0:01:52.949674
8	8	0.2897	0:00:11.940301
8	-1.0	-1.0	0:02:02.019467
8	8	0.2624	0:00:07.543384
13	-1.0	-1.0	0:01:39.415063
13	8	0.2673	0:00:05.762012
13	-1.0	-1.0	0:01:47.895767
13	16	0.1872	0:00:05.432114
13	16	0.1741	0:00:13.449840
16	-1.0	-1.0	0:01:47.235113
16	8	0.2858	0:00:06.341021
16	16	0.1459	0:02:01.588855
16	-1.0	-1.0	0:02:18.169553
16	16	0.2692	0:00:05.688941
0	12	0.6342	0:00:05.181059
0	-1.0	-1.0	0:02:01.852083
0	-1.0	-1.0	0:01:46.180710
0	2	0.04723	0:01:32.509439
0	10	0.1733	0:00:06.781483
2	10	0.1307	0:00:41.143411
2	-1.0	-1.0	0:02:02.787025
2	7	0.04389	0:01:53.699533
2	10	0.05756	0:01:00.222677
2	12	0.1	0:00:18.849792
7	-1.0	-1.0	0:02:07.533276
7	-1.0	-1.0	0:02:19.511499
7	12	0.2829	0:00:06.257505
7	10	0.2405	0:00:05.569977
7	7	0.07848	0:00:23.460534
10	12	0.481	0:00:10.330657
10	-1.0	-1.0	0:01:54.293689
10	-1.0	-1.0	0:01:54.578837
10	12	0.2147	0:00:05.960480
10	12	0.5758	0:00:05.276335
12	7	0.09073	0:00:32.523293
12	12	0.4813	0:00:06.682414
12	-1.0	-1.0	0:01:54.219982
12	12	0.3053	0:00:05.234880
12	-1.0	-1.0	0:02:07.744420
7	8	0.189	0:00:09.203218
7	8	0.1207	0:00:14.328257
7	7	0.6085	0:00:14.328454
7	8	0.1868	0:00:30.696991
7	8	0.3432	0:00:37.290767
8	-1.0	-1.0	0:01:55.282204
8	8	0.5591	0:00:05.617689
8	8	0.5056	0:00:13.192387
8	-1.0	-1.0	0:02:08.701927
8	8	0.8041	0:00:13.902414
12	-1.0	-1.0	0:02:09.465216
12	12	0.04178	0:01:54.893889
12	8	0.7783	0:00:05.268686
12	8	0.4675	0:00:07.225368
12	8	0.1339	0:00:05.677080
15	8	0.453	0:02:07.922502
15	-1.0	-1.0	0:02:00.006464
15	8	0.5237	0:00:32.856898
15	8	0.2393	0:00:12.691971
15	8	0.361	0:00:13.755421
18	8	0.7787	0:00:14.869041
18	8	0.5667	0:00:07.755510
18	-1.0	-1.0	0:02:03.807365
18	-1.0	-1.0	0:02:10.898882
18	8	0.138	0:00:15.360826
2	-1.0	-1.0	0:02:07.323242
2	13	0.5488	0:01:03.920731
2	2	0.1906	0:00:06.214436
2	13	0.1484	0:00:05.255995
2	-1.0	-1.0	0:01:52.765368
13	-1.0	-1.0	0:01:48.352401
13	13	0.5576	0:00:12.847314
13	16	0.07785	0:00:58.778485
13	15	0.306	0:01:28.842242
13	-1.0	-1.0	0:01:48.220725
15	15	0.3748	0:00:20.025940
15	15	0.2517	0:00:38.854977
15	15	0.2163	0:00:09.476318
15	13	0.4148	0:00:14.674845
15	15	0.09593	0:00:20.210297
16	15	0.2132	0:00:06.640184
16	15	0.2102	0:00:07.189961
16	16	0.5023	0:02:04.478487
16	16	0.09026	0:00:44.505544
16	16	0.07772	0:00:39.291333
18	16	0.1914	0:00:07.321028
18	16	0.4391	0:00:57.908627
18	-1.0	-1.0	0:01:56.506675
18	16	0.1158	0:00:19.925971
18	15	0.2814	0:00:05.754441
6	-1.0	-1.0	0:02:04.822168
6	10	0.1865	0:00:05.615793
6	10	0.4337	0:00:28.839105
6	11	0.6017	0:00:13.301934
6	-1.0	-1.0	0:02:13.432431
10	11	0.3173	0:00:56.451448
10	-1.0	-1.0	0:02:06.873349
10	11	0.628	0:00:21.981877
10	11	0.3524	0:00:06.266914
10	-1.0	-1.0	0:01:56.466723
11	-1.0	-1.0	0:01:52.443203
11	-1.0	-1.0	0:01:57.498218
11	10	0.1273	0:00:10.303754
11	11	0.5546	0:00:16.985728
11	11	0.2067	0:01:16.018331
14	10	0.139	0:01:19.433634
14	10	0.4028	0:00:05.597517
14	14	0.0379	0:02:00.807936
14	-1.0	-1.0	0:01:59.248080
14	10	0.09701	0:00:19.792914
17	-1.0	-1.0	0:02:09.853848
17	11	0.1842	0:01:11.645482
17	14	0.04634	0:01:08.779309
17	11	0.4038	0:01:27.965393
17	-1.0	-1.0	0:02:02.066322
0	14	0.6847	0:02:11.261994
0	14	0.6579	0:00:18.717785
0	14	0.2962	0:00:13.910260
0	14	0.3691	0:00:07.116998
0	14	0.4774	0:00:52.147284
2	14	0.5438	0:00:21.583130
2	-1.0	-1.0	0:02:15.304501
2	-1.0	-1.0	0:01:54.071340
2	-1.0	-1.0	0:01:40.777525
2	-1.0	-1.0	0:01:47.398056
10	14	0.3711	0:00:12.610585
10	14	0.1806	0:00:06.030667
10	14	0.135	0:00:05.964169
10	2	0.09587	0:01:49.208789
10	14	0.2448	0:00:06.269977
11	14	0.3434	0:00:06.412730
11	14	0.5954	0:00:05.948015
11	-1.0	-1.0	0:01:58.446457
11	11	0.124	0:00:12.655625
11	14	0.3353	0:00:07.116661
14	-1.0	-1.0	0:01:51.792008
14	-1.0	-1.0	0:01:32.607256
14	11	0.08696	0:00:40.025096
14	14	0.7245	0:00:16.661214
14	14	0.7141	0:00:06.158738
2	-1.0	-1.0	0:01:40.544568
2	9	0.1476	0:00:05.688774
2	9	0.3455	0:00:05.150714
2	-1.0	-1.0	0:01:55.981520
2	9	0.05025	0:01:48.886364
4	4	0.1131	0:00:11.223110
4	9	0.7615	0:00:10.291589
4	9	0.4318	0:00:05.378555
4	4	0.2379	0:00:05.130724
4	9	0.6219	0:00:10.890759
9	9	0.1882	0:00:05.122402
9	-1.0	-1.0	0:01:33.314188
9	9	0.5655	0:01:59.749850
9	9	0.8268	0:00:14.191285
9	16	0.133	0:00:19.937827
13	9	0.08241	0:00:10.875677
13	13	0.2336	0:00:06.865224
13	-1.0	-1.0	0:01:37.419213
13	9	0.4683	0:01:19.075958
13	-1.0	-1.0	0:01:38.349784
16	16	0.09323	0:00:11.089806
16	9	0.4925	0:00:05.587857
16	-1.0	-1.0	0:01:54.453271
16	16	0.123	0:00:31.103879
16	-1.0	-1.0	0:01:41.623836
8	10	0.1169	0:00:48.925482
8	-1.0	-1.0	0:01:37.832130
8	8	0.1421	0:01:20.704659
8	-1.0	-1.0	0:01:35.664630
8	8	0.3461	0:01:44.610277
10	-1.0	-1.0	0:01:45.950344
10	10	0.2117	0:00:35.013322
10	-1.0	-1.0	0:01:59.005732
10	8	0.2752	0:00:19.164556
10	-1.0	-1.0	0:02:02.787608
11	-1.0	-1.0	0:01:58.772606
11	12	0.1024	0:00:09.839857
11	17	0.1097	0:00:22.002958
11	12	0.2255	0:00:08.487560
11	-1.0	-1.0	0:01:43.403913
12	12	0.2377	0:00:11.647135
12	10	0.04461	0:01:15.557134
12	-1.0	-1.0	0:01:48.607493
12	-1.0	-1.0	0:01:58.954181
12	12	0.03943	0:01:46.723097
17	-1.0	-1.0	0:02:05.184702
17	10	0.2207	0:00:05.577411
17	12	0.2055	0:00:05.840170
17	10	0.9281	0:00:05.154595
17	-1.0	-1.0	0:01:34.218819
0	0	0.1092	0:00:59.997779
0	-1.0	-1.0	0:01:34.448865
0	-1.0	-1.0	0:01:49.975764
0	0	0.3581	0:00:11.432648
0	0	0.2083	0:00:27.577526
6	11	0.07596	0:00:26.977232
6	8	0.2672	0:00:26.730712
6	-1.0	-1.0	0:01:52.073424
6	-1.0	-1.0	0:01:26.717891
6	-1.0	-1.0	0:01:40.165799
8	-1.0	-1.0	0:01:41.134751
8	-1.0	-1.0	0:01:53.352725
8	0	0.2276	0:00:37.399843
8	8	0.2341	0:00:12.721802
8	0	0.1764	0:00:05.295854
11	6	0.3377	0:00:11.045242
11	0	0.1598	0:00:05.889748
11	0	0.1489	0:00:06.096213
11	8	0.4197	0:00:05.465976
11	8	0.2206	0:00:08.560883
12	8	0.05796	0:00:47.099982
12	12	0.131	0:01:06.200341
12	8	0.3105	0:00:19.791231
12	8	0.1545	0:00:26.998176
12	0	0.1426	0:00:26.445319
0	-1.0	-1.0	0:01:36.215460
0	0	0.314	0:00:05.155643
0	0	0.3144	0:00:05.538728
0	-1.0	-1.0	0:01:42.622935
0	2	0.0539	0:00:27.058039
2	2	0.04434	0:00:55.863399
2	2	0.2588	0:00:08.983154
2	2	0.5871	0:00:23.541029
2	2	0.2042	0:00:05.298699
2	-1.0	-1.0	0:01:41.250003
9	9	0.1701	0:00:13.890713
9	-1.0	-1.0	0:01:48.531319
9	-1.0	-1.0	0:01:53.370496
9	-1.0	-1.0	0:02:02.687067
9	0	0.335	0:00:06.487174
11	-1.0	-1.0	0:01:26.297884
11	-1.0	-1.0	0:02:10.912932
11	-1.0	-1.0	0:01:53.755811
11	-1.0	-1.0	0:02:13.502474
11	-1.0	-1.0	0:01:58.642475
18	2	0.1662	0:00:32.244588
18	0	0.3619	0:00:05.970038
18	9	0.07939	0:00:20.469156
18	-1.0	-1.0	0:02:10.467979
18	0	0.1144	0:00:21.691279
1	1	0.07081	0:00:44.742165
1	-1.0	-1.0	0:01:34.658628
1	6	0.2718	0:00:06.307757
1	-1.0	-1.0	0:01:43.031227
1	-1.0	-1.0	0:01:48.397912
4	6	0.07696	0:00:45.592221
4	6	0.3073	0:00:05.311638
4	6	0.4409	0:00:07.227126
4	6	0.3691	0:00:09.082249
4	6	0.2639	0:00:05.303349
6	4	0.1949	0:01:05.326197
6	6	0.3191	0:00:05.693235
6	-1.0	-1.0	0:01:57.014261
6	-1.0	-1.0	0:01:48.670685
6	-1.0	-1.0	0:01:38.835627
16	16	0.5237	0:00:05.141445
16	16	0.0516	0:01:41.856097
16	4	0.06166	0:01:03.096756
16	-1.0	-1.0	0:02:17.119741
16	16	0.05643	0:00:53.547105
17	6	0.1235	0:00:11.450778
17	16	0.309	0:00:19.063003
17	-1.0	-1.0	0:02:08.693322
17	-1.0	-1.0	0:01:35.646542
17	17	0.1453	0:00:07.220805
2	13	0.1181	0:00:12.156275
2	8	0.3068	0:00:06.010694
2	12	0.1027	0:00:19.283785
2	13	0.1034	0:00:20.857768
2	-1.0	-1.0	0:01:40.924870
7	7	0.08994	0:00:41.024256
7	-1.0	-1.0	0:01:32.079862
7	13	0.1481	0:00:11.328875
7	7	0.5577	0:00:22.770658
7	7	0.3255	0:00:26.190777
8	8	0.205	0:00:07.400038
8	-1.0	-1.0	0:01:42.494012
8	-1.0	-1.0	0:01:46.093936
8	8	0.1727	0:00:07.650413
8	-1.0	-1.0	0:02:03.416940
12	13	0.3129	0:00:05.664971
12	12	0.06055	0:00:34.372768
12	13	0.1709	0:00:05.733932
12	13	0.5805	0:00:05.231819
12	13	0.3394	0:00:05.475300
13	13	0.1434	0:00:05.934909
13	13	0.312	0:00:05.705881
13	8	0.2058	0:00:05.161097
13	-1.0	-1.0	0:02:12.847290
13	-1.0	-1.0	0:01:48.489351
6	16	0.1067	0:01:11.184799
6	-1.0	-1.0	0:01:38.967219
6	-1.0	-1.0	0:02:05.604728
6	16	0.08335	0:00:18.238207
6	-1.0	-1.0	0:01:45.870658
7	16	0.4105	0:00:29.833715
7	7	0.37	0:00:14.085031
7	16	0.3047	0:00:11.177126
7	16	0.2424	0:00:50.450048
7	16	0.5295	0:00:25.159748
10	16	0.5318	0:00:12.684330
10	16	0.1734	0:00:05.135516
10	11	0.1014	0:00:31.601660
10	-1.0	-1.0	0:01:41.199463
10	11	0.2797	0:00:19.301568
11	16	0.3853	0:00:05.273668
11	11	0.06705	0:01:40.663435
11	16	0.3862	0:00:19.434866
11	16	0.5407	0:00:20.146475
11	16	0.03561	0:01:24.733107
16	16	0.1871	0:00:49.799050
16	16	0.09937	0:00:12.111357
16	16	0.1628	0:00:05.355481
16	16	0.5609	0:00:06.368993
16	16	0.5147	0:00:11.843358
8	8	0.1236	0:00:06.745038
8	8	0.2585	0:00:05.399849
8	8	0.2925	0:00:08.808987
8	8	0.311	0:00:10.532857
8	15	0.1043	0:00:19.838951
11	-1.0	-1.0	0:01:40.234678
11	8	0.1386	0:00:18.082899
11	8	0.3469	0:01:22.328238
11	8	0.5415	0:00:11.619157
11	8	0.8028	0:00:52.834720
15	-1.0	-1.0	0:01:35.472893
15	8	0.1392	0:00:05.920521
15	8	0.284	0:00:18.019195
15	15	0.04691	0:00:51.306736
15	15	0.2651	0:01:17.899306
16	16	0.3126	0:00:05.210616
16	8	0.4199	0:00:05.147547
16	-1.0	-1.0	0:01:54.077693
16	-1.0	-1.0	0:01:39.823490
16	16	0.5319	0:00:06.568085
18	-1.0	-1.0	0:01:43.652409
18	8	0.0996	0:00:14.104037
18	8	0.4473	0:01:32.507352
18	8	0.236	0:00:26.613368
18	8	0.3038	0:00:11.144129
6	6	0.3378	0:00:05.823678
6	-1.0	-1.0	0:01:55.079599
6	14	0.3726	0:00:05.814930
6	15	0.4004	0:00:24.220839
6	15	0.06559	0:00:18.586555
11	15	0.07541	0:00:12.831622
11	15	0.1775	0:00:11.635392
11	15	0.1209	0:01:11.073954
11	14	0.3834	0:00:05.957637
11	15	0.276	0:00:10.509011
12	-1.0	-1.0	0:01:43.326169
12	-1.0	-1.0	0:02:00.177171
12	15	0.3209	0:00:05.499086
12	15	0.1644	0:00:19.048823
12	15	0.1993	0:00:11.046769
14	-1.0	-1.0	0:01:58.193333
14	14	0.1838	0:00:13.383623
14	14	0.3302	0:00:05.949522
14	15	0.3557	0:00:05.560829
14	-1.0	-1.0	0:01:38.784664
15	15	0.3712	0:00:11.481270
15	-1.0	-1.0	0:02:22.184707
15	15	0.3271	0:00:06.578988
15	15	0.06804	0:01:04.849989
15	-1.0	-1.0	0:02:07.815723
4	5	0.2767	0:00:05.889317
4	5	0.05277	0:00:36.726838
4	5	0.505	0:00:20.617753
4	5	0.426	0:00:05.504648
4	5	0.3648	0:00:27.628331
5	5	0.2405	0:00:05.190545
5	5	0.2712	0:00:50.446167
5	5	0.3215	0:00:05.175966
5	5	0.1765	0:00:05.258579
5	5	0.1328	0:00:05.744207
9	14	0.07374	0:00:14.308955
9	13	0.2001	0:00:12.204646
9	5	0.07251	0:00:12.266831
9	5	0.207	0:00:05.875376
9	-1.0	-1.0	0:01:41.690463
13	4	0.09179	0:00:12.464404
13	14	0.06086	0:01:02.906110
13	-1.0	-1.0	0:01:49.746855
13	14	0.2529	0:00:15.679755
13	-1.0	-1.0	0:01:37.951941
14	14	0.1475	0:00:05.489109
14	-1.0	-1.0	0:01:46.853267
14	-1.0	-1.0	0:01:57.236593
14	-1.0	-1.0	0:01:43.219072
14	14	0.1902	0:00:10.856116
