label	predict	radius	time
1	1	0.08218	0:00:51.515689
1	1	0.3964	0:00:12.723433
1	1	0.3007	0:00:10.392426
1	1	0.1441	0:00:23.591540
1	1	0.1366	0:00:22.046224
8	-1.0	-1.0	0:02:37.196356
8	-1.0	-1.0	0:02:25.347473
8	-1.0	-1.0	0:02:21.790532
8	-1.0	-1.0	0:02:30.982536
8	-1.0	-1.0	0:02:34.321333
10	-1.0	-1.0	0:02:35.043818
10	-1.0	-1.0	0:02:28.709686
10	12	0.1489	0:00:56.167591
10	-1.0	-1.0	0:02:20.142593
10	-1.0	-1.0	0:02:35.260053
12	-1.0	-1.0	0:02:26.082104
12	12	0.5616	0:00:28.579489
12	-1.0	-1.0	0:02:21.789553
12	-1.0	-1.0	0:02:35.440779
12	-1.0	-1.0	0:02:33.951719
16	16	0.7061	0:00:06.541363
16	16	0.5148	0:00:10.737627
16	16	0.8219	0:00:07.140045
16	16	0.8961	0:00:09.236584
16	-1.0	-1.0	0:02:43.954790
1	1	0.4352	0:00:11.420679
1	9	0.9069	0:00:11.515426
1	18	0.1423	0:00:32.478036
1	18	0.09977	0:00:34.596513
1	-1.0	-1.0	0:02:34.755277
8	8	1.04	0:00:08.497175
8	8	0.3342	0:00:11.212015
8	-1.0	-1.0	0:02:37.447711
8	8	0.6232	0:00:09.885623
8	8	1.001	0:00:07.152998
9	9	0.1054	0:00:21.753326
9	9	0.6593	0:00:11.752099
9	-1.0	-1.0	0:02:31.705463
9	9	0.9398	0:00:10.697043
9	8	0.5083	0:00:18.720527
11	-1.0	-1.0	0:02:31.899680
11	8	0.339	0:00:08.193687
11	8	0.5081	0:00:09.497685
11	-1.0	-1.0	0:02:28.003980
11	8	0.4609	0:00:12.486603
18	18	0.3554	0:00:11.115102
18	18	0.1573	0:00:21.106073
18	-1.0	-1.0	0:02:25.758553
18	-1.0	-1.0	0:02:42.274284
18	18	0.06865	0:02:35.275284
3	3	0.03044	0:02:30.227347
3	3	0.72	0:00:07.935462
3	3	0.2724	0:00:10.458158
3	3	0.3808	0:00:10.456620
3	3	0.2935	0:00:20.133396
4	3	0.3926	0:00:06.566814
4	3	0.366	0:00:10.583456
4	7	0.3325	0:00:06.623390
4	3	0.1222	0:00:30.610209
4	3	0.2098	0:00:11.406489
6	6	0.08517	0:00:34.744805
6	6	0.4197	0:00:07.320590
6	6	0.3102	0:00:09.781423
6	6	0.4005	0:00:30.224542
6	6	0.6636	0:00:07.175259
7	7	0.4407	0:00:11.052779
7	7	0.5327	0:00:06.812020
7	7	0.07877	0:00:30.400733
7	7	0.5935	0:00:08.401914
7	7	0.5415	0:00:07.226356
10	10	0.7068	0:00:11.168876
10	10	0.6825	0:00:11.367932
10	10	0.6594	0:00:11.022471
10	10	0.5038	0:00:11.001033
10	10	0.6406	0:00:10.272861
2	-1.0	-1.0	0:02:34.858888
2	2	0.3373	0:00:10.491328
2	-1.0	-1.0	0:02:30.926565
2	3	0.1016	0:00:52.714563
2	-1.0	-1.0	0:02:40.036151
3	-1.0	-1.0	0:02:36.510118
3	3	0.5076	0:00:09.847542
3	-1.0	-1.0	0:02:28.388225
3	-1.0	-1.0	0:02:29.142170
3	3	0.09485	0:00:17.300777
4	4	0.3079	0:00:17.633421
4	3	0.1369	0:02:15.003871
4	4	0.3274	0:00:11.693468
4	-1.0	-1.0	0:02:32.545008
4	4	0.1365	0:00:09.116616
6	6	0.8104	0:00:10.853582
6	6	1.023	0:00:20.244464
6	-1.0	-1.0	0:02:18.131756
6	6	0.7427	0:00:12.710945
6	-1.0	-1.0	0:02:35.901647
18	3	0.3263	0:00:33.389310
18	4	0.1325	0:01:05.515728
18	3	0.08926	0:00:24.909302
18	-1.0	-1.0	0:02:34.564723
18	18	0.4736	0:00:09.004257
0	-1.0	-1.0	0:02:28.115667
0	17	0.3185	0:00:24.010251
0	0	0.6778	0:00:19.868650
0	5	0.09952	0:01:27.611695
0	0	0.3246	0:00:44.785417
5	-1.0	-1.0	0:02:38.410527
5	5	0.4522	0:00:06.533871
5	-1.0	-1.0	0:02:33.476870
5	-1.0	-1.0	0:02:29.325577
5	5	0.3883	0:00:07.816804
11	-1.0	-1.0	0:02:19.355846
11	11	0.1158	0:00:40.975495
11	-1.0	-1.0	0:02:34.519422
11	17	0.05843	0:01:33.628409
11	-1.0	-1.0	0:02:27.464937
16	16	0.7974	0:00:10.099993
16	16	0.8217	0:00:30.428736
16	16	0.592	0:00:09.633616
16	16	0.493	0:00:31.946811
16	16	0.8985	0:00:55.193868
17	17	0.2298	0:00:21.832515
17	-1.0	-1.0	0:02:18.787411
17	-1.0	-1.0	0:02:23.115437
17	17	0.08832	0:02:07.532771
17	17	0.1114	0:00:55.687149
4	4	0.293	0:00:11.400605
4	17	0.2753	0:00:10.422433
4	-1.0	-1.0	0:02:26.104290
4	17	0.2217	0:00:11.159906
4	4	0.7664	0:00:06.555018
6	-1.0	-1.0	0:02:23.872867
6	6	0.348	0:00:07.118184
6	6	0.5704	0:00:09.868939
6	6	0.7347	0:00:07.796898
6	6	0.5536	0:02:28.123643
8	8	0.7744	0:00:29.894350
8	8	0.5424	0:00:09.599591
8	-1.0	-1.0	0:02:29.832948
8	8	0.1075	0:00:30.768032
8	8	0.1738	0:00:10.238758
9	9	0.6082	0:00:21.803405
9	-1.0	-1.0	0:02:22.736570
9	-1.0	-1.0	0:02:35.868575
9	9	0.648	0:00:19.701656
9	9	0.5395	0:00:07.442383
17	8	0.1357	0:00:41.671185
17	6	0.08992	0:00:19.093315
17	17	0.1944	0:00:11.105515
17	-1.0	-1.0	0:02:14.715344
17	8	0.09167	0:00:17.882240
5	15	0.1177	0:00:18.075441
5	5	0.4954	0:00:07.437046
5	15	0.1463	0:01:00.639047
5	5	0.4544	0:00:08.177011
5	5	0.1428	0:00:21.609922
6	6	0.4997	0:00:06.516682
6	6	0.1627	0:00:20.188961
6	6	0.5003	0:00:09.912445
6	-1.0	-1.0	0:02:22.611804
6	6	0.05185	0:00:52.744990
7	7	0.8938	0:00:09.603163
7	7	0.835	0:00:10.270317
7	7	0.9505	0:00:30.550636
7	-1.0	-1.0	0:02:38.381197
7	7	0.9498	0:00:06.717211
9	15	0.09143	0:00:42.058974
9	15	0.3427	0:00:07.150175
9	7	0.2079	0:00:22.321514
9	7	0.319	0:00:07.630696
9	-1.0	-1.0	0:02:31.624360
15	-1.0	-1.0	0:02:34.996590
15	15	0.4455	0:00:07.198903
15	15	0.637	0:00:09.286881
15	7	0.2696	0:00:19.126117
15	15	0.5036	0:00:06.449489
1	2	0.2215	0:00:11.489654
1	2	0.4352	0:00:11.013280
1	1	0.7923	0:00:10.591076
1	1	0.1342	0:00:30.286856
1	2	0.1372	0:00:35.424440
2	2	0.7161	0:00:10.813296
2	2	0.3146	0:00:07.599458
2	1	0.2494	0:00:10.098031
2	1	0.3735	0:00:08.256180
2	-1.0	-1.0	0:02:23.403456
10	-1.0	-1.0	0:02:23.852677
10	-1.0	-1.0	0:02:17.489916
10	-1.0	-1.0	0:02:34.499093
10	10	0.2287	0:01:44.650017
10	-1.0	-1.0	0:02:23.039276
12	12	0.2103	0:02:02.080039
12	12	0.3349	0:01:19.704279
12	15	0.2404	0:00:29.142380
12	-1.0	-1.0	0:02:29.478019
12	15	0.6058	0:00:11.428045
15	15	0.5152	0:00:31.254568
15	-1.0	-1.0	0:02:20.725271
15	15	0.2884	0:00:33.919119
15	2	0.3261	0:00:12.656139
15	15	0.4487	0:00:06.858608
1	1	0.3649	0:00:09.913848
1	-1.0	-1.0	0:02:25.328822
1	17	0.2719	0:00:34.580595
1	13	0.1157	0:01:34.028665
1	-1.0	-1.0	0:02:23.441170
11	14	0.2308	0:00:23.598457
11	11	0.6681	0:00:11.216725
11	-1.0	-1.0	0:02:22.838787
11	11	0.77	0:00:08.294534
11	11	0.2885	0:00:08.135784
13	17	0.08465	0:00:44.329531
13	-1.0	-1.0	0:02:20.943129
13	13	0.2952	0:00:08.951166
13	13	0.1258	0:00:19.193508
13	-1.0	-1.0	0:02:19.642633
14	-1.0	-1.0	0:02:13.537616
14	-1.0	-1.0	0:02:21.365206
14	17	0.5196	0:00:11.487018
14	-1.0	-1.0	0:02:19.622427
14	17	0.517	0:01:26.865001
17	17	0.1642	0:00:16.985262
17	-1.0	-1.0	0:02:23.299546
17	17	0.365	0:00:11.333930
17	17	0.3847	0:00:09.299609
17	11	0.4993	0:00:07.267435
0	-1.0	-1.0	0:02:23.389666
0	6	0.09425	0:01:27.723952
0	0	0.158	0:00:07.108123
0	6	0.5845	0:00:09.920023
0	6	0.6393	0:00:09.966133
3	18	0.06685	0:01:36.098853
3	3	0.2043	0:00:34.062873
3	3	0.1226	0:01:50.393706
3	-1.0	-1.0	0:02:27.592829
3	-1.0	-1.0	0:02:25.624987
4	4	0.3698	0:00:13.499671
4	4	0.2465	0:00:42.094616
4	4	0.2195	0:00:32.170054
4	4	0.09092	0:01:20.356520
4	-1.0	-1.0	0:02:26.516887
6	6	0.5728	0:00:07.111841
6	18	0.2634	0:00:20.741306
6	0	0.6336	0:00:11.044122
6	6	0.6773	0:00:09.626698
6	-1.0	-1.0	0:02:54.023866
18	6	0.2351	0:00:17.536383
18	-1.0	-1.0	0:02:16.158219
18	0	0.2379	0:00:20.687575
18	0	0.05342	0:01:30.234235
18	4	0.3139	0:00:20.563055
6	-1.0	-1.0	0:02:19.748223
6	6	0.2735	0:00:10.962333
6	10	0.2667	0:00:09.708164
6	6	0.9735	0:00:09.926301
6	6	0.2642	0:00:10.282143
10	10	0.2925	0:00:10.414433
10	10	0.3346	0:00:10.389437
10	17	0.2658	0:00:10.876139
10	-1.0	-1.0	0:02:22.332671
10	6	0.1327	0:00:11.454404
11	17	0.1035	0:00:23.925321
11	17	0.04744	0:02:09.321477
11	-1.0	-1.0	0:02:29.025232
11	11	0.05043	0:01:49.126181
11	10	0.3825	0:00:11.552674
15	-1.0	-1.0	0:02:20.749621
15	-1.0	-1.0	0:02:26.301721
15	-1.0	-1.0	0:02:37.575289
15	15	0.4109	0:00:09.827427
15	-1.0	-1.0	0:02:38.054220
17	10	0.3099	0:02:37.054530
17	15	0.27	0:00:10.251655
17	17	0.2871	0:00:10.488233
17	15	0.3084	0:00:21.537376
17	17	0.3872	0:00:09.453154
0	0	0.1686	0:00:11.418208
0	0	0.9061	0:00:09.513113
0	-1.0	-1.0	0:02:26.160781
0	-1.0	-1.0	0:02:20.302054
0	0	0.5591	0:00:09.709857
1	-1.0	-1.0	0:02:24.343718
1	-1.0	-1.0	0:02:21.958065
1	-1.0	-1.0	0:02:18.831942
1	0	0.5138	0:00:08.437536
1	1	0.2808	0:00:18.830285
3	-1.0	-1.0	0:02:13.194333
3	-1.0	-1.0	0:02:23.988375
3	4	0.1635	0:01:00.444389
3	1	0.04426	0:01:52.561432
3	7	0.5048	0:00:06.724562
4	-1.0	-1.0	0:02:36.554939
4	7	0.4603	0:00:46.471407
4	-1.0	-1.0	0:02:20.129877
4	-1.0	-1.0	0:02:27.269872
4	0	0.2324	0:00:19.219687
7	7	0.9675	0:00:52.531909
7	7	0.7733	0:00:10.042549
7	-1.0	-1.0	0:02:29.510585
7	-1.0	-1.0	0:02:21.176597
7	7	0.9573	0:00:10.598303
2	2	0.6754	0:00:10.244873
2	2	0.6515	0:00:08.947896
2	-1.0	-1.0	0:02:21.439289
2	-1.0	-1.0	0:02:23.603028
2	2	0.3159	0:00:09.329687
5	8	0.4342	0:01:11.460327
5	2	0.2279	0:00:11.655023
5	2	0.4513	0:00:20.719345
5	-1.0	-1.0	0:02:40.500514
5	-1.0	-1.0	0:03:01.902256
7	-1.0	-1.0	0:03:19.306140
7	-1.0	-1.0	0:03:00.938714
7	-1.0	-1.0	0:03:01.367206
7	-1.0	-1.0	0:02:40.833256
7	-1.0	-1.0	0:02:32.139663
8	-1.0	-1.0	0:02:48.194635
8	-1.0	-1.0	0:02:51.328157
8	-1.0	-1.0	0:02:58.118261
8	-1.0	-1.0	0:02:35.436548
8	-1.0	-1.0	0:02:30.310471
12	-1.0	-1.0	0:02:48.469677
12	-1.0	-1.0	0:02:55.286334
12	-1.0	-1.0	0:02:57.994364
12	-1.0	-1.0	0:03:06.646893
12	-1.0	-1.0	0:03:00.445345
2	-1.0	-1.0	0:03:01.070475
2	10	0.6523	0:00:10.954801
2	-1.0	-1.0	0:03:11.917696
2	2	0.4299	0:02:20.259797
2	2	0.199	0:01:08.690479
4	-1.0	-1.0	0:02:59.655388
4	4	0.4079	0:01:16.179885
4	-1.0	-1.0	0:02:52.094384
4	2	0.2119	0:00:57.222552
4	5	0.3672	0:00:07.371912
5	10	0.08162	0:00:20.022457
5	10	0.5224	0:00:09.450406
5	10	0.3286	0:00:08.519344
5	10	0.2148	0:00:08.435115
5	10	0.4266	0:00:12.747302
10	10	0.9389	0:00:07.867977
10	10	0.9149	0:00:08.759804
10	5	0.04862	0:01:13.660350
10	10	1.02	0:00:12.145191
10	10	0.9895	0:00:12.008776
16	16	0.1099	0:00:12.909428
16	16	0.4422	0:00:09.652661
16	-1.0	-1.0	0:02:56.620065
16	-1.0	-1.0	0:02:52.773408
16	16	0.4777	0:00:48.196099
6	-1.0	-1.0	0:03:11.609539
6	6	0.126	0:00:36.019715
6	6	0.1321	0:00:35.085174
6	12	0.2039	0:00:09.018189
6	6	0.234	0:00:16.224112
7	7	0.8907	0:02:39.830211
7	7	0.4823	0:00:09.179751
7	7	0.5111	0:00:08.386998
7	7	0.5522	0:00:13.703523
7	7	0.5978	0:00:23.895885
12	12	0.431	0:00:23.481985
12	12	0.6873	0:00:11.999947
12	12	0.8085	0:00:25.220156
12	12	0.6584	0:00:55.633667
12	12	0.4094	0:00:40.496988
13	14	0.5639	0:00:10.970642
13	-1.0	-1.0	0:02:37.426600
13	14	0.2221	0:00:07.287940
13	6	0.112	0:00:47.563989
13	14	0.3672	0:00:42.751962
14	14	0.3877	0:00:07.852807
14	14	0.3548	0:00:21.566242
14	6	0.1643	0:00:12.535002
14	14	0.2687	0:00:24.302890
14	14	0.2783	0:00:07.976746
6	-1.0	-1.0	0:02:52.698642
6	6	0.561	0:00:19.664232
6	15	0.06311	0:01:09.930153
6	6	0.845	0:00:36.698383
6	-1.0	-1.0	0:02:42.715370
8	-1.0	-1.0	0:02:48.607665
8	8	0.4077	0:00:42.074856
8	8	0.42	0:00:36.171405
8	-1.0	-1.0	0:03:00.392081
8	-1.0	-1.0	0:02:47.844800
10	-1.0	-1.0	0:03:14.962524
10	-1.0	-1.0	0:02:48.711163
10	-1.0	-1.0	0:02:51.786231
10	-1.0	-1.0	0:02:33.228756
10	-1.0	-1.0	0:02:32.160721
12	-1.0	-1.0	0:02:52.938095
12	12	0.6462	0:00:11.176773
12	-1.0	-1.0	0:03:01.898047
12	12	0.1822	0:00:22.693249
12	8	0.2591	0:01:41.480828
15	-1.0	-1.0	0:02:57.594006
15	15	0.4071	0:00:30.971710
15	-1.0	-1.0	0:02:49.923822
15	15	0.4152	0:02:47.899983
15	-1.0	-1.0	0:02:52.081678
0	-1.0	-1.0	0:02:51.644731
0	-1.0	-1.0	0:02:36.574840
0	6	0.1775	0:00:06.617479
0	14	0.05343	0:02:13.674169
0	-1.0	-1.0	0:02:51.329579
2	2	0.2903	0:00:12.630095
2	2	0.4371	0:01:07.723300
2	2	0.61	0:00:09.826585
2	2	0.7535	0:00:09.677027
2	2	0.3406	0:00:09.263904
6	6	0.6944	0:00:22.058204
6	6	0.6834	0:00:51.969677
6	6	0.3778	0:00:21.375484
6	6	0.5868	0:00:10.994747
6	-1.0	-1.0	0:02:43.888660
8	8	0.5016	0:02:11.973416
8	8	0.349	0:00:11.688324
8	8	0.6024	0:00:24.281378
8	-1.0	-1.0	0:02:55.260813
8	2	0.2127	0:00:11.943465
14	0	0.2385	0:00:10.632622
14	14	0.3953	0:00:59.981944
14	14	0.07911	0:01:37.995291
14	-1.0	-1.0	0:02:52.599205
14	14	0.09774	0:00:35.422386
0	12	0.372	0:00:58.528785
0	0	0.07555	0:00:33.221781
0	12	0.1337	0:00:28.449866
0	-1.0	-1.0	0:02:56.312866
0	0	0.4693	0:00:10.930151
7	7	0.9186	0:01:56.222218
7	7	0.6099	0:00:10.019611
7	7	0.6031	0:00:10.626895
7	7	0.6215	0:00:11.052118
7	7	0.6993	0:00:09.017830
9	7	0.601	0:00:11.076976
9	7	0.5517	0:00:12.636374
9	9	0.7089	0:00:08.013198
9	9	0.2093	0:00:10.699782
9	9	0.5102	0:00:11.394586
11	7	0.5685	0:00:08.573995
11	11	0.7388	0:00:11.978862
11	-1.0	-1.0	0:02:42.617191
11	-1.0	-1.0	0:02:45.102089
11	11	0.2098	0:00:07.791088
12	12	0.631	0:00:10.885818
12	12	0.5054	0:00:09.765309
12	12	0.3889	0:00:09.507422
12	12	0.5478	0:00:42.485783
12	11	0.1147	0:01:06.665888
0	0	0.3189	0:00:23.472009
0	-1.0	-1.0	0:03:09.695525
0	-1.0	-1.0	0:02:48.386475
0	10	0.2483	0:00:32.683352
0	0	0.2109	0:00:17.066370
7	7	0.4701	0:00:08.093441
7	7	0.1585	0:00:19.432618
7	7	0.9285	0:00:12.356476
7	7	0.5856	0:00:15.015248
7	-1.0	-1.0	0:02:59.582359
8	10	0.1672	0:01:54.134811
8	-1.0	-1.0	0:02:46.102273
8	8	0.2755	0:00:32.015312
8	10	0.05752	0:02:27.986580
8	10	0.2514	0:00:38.020040
10	10	0.2327	0:00:45.194132
10	-1.0	-1.0	0:02:42.552765
10	10	0.3003	0:00:20.256504
10	10	0.2867	0:00:39.103607
10	10	0.1743	0:01:29.043834
17	-1.0	-1.0	0:02:59.086393
17	-1.0	-1.0	0:02:51.388829
17	17	0.6307	0:00:10.489386
17	0	0.149	0:02:13.869867
17	17	0.2831	0:01:34.490887
4	-1.0	-1.0	0:02:02.667764
4	4	0.2076	0:00:05.619486
4	-1.0	-1.0	0:02:07.148540
4	13	0.06966	0:00:52.346424
4	4	0.4734	0:00:06.209856
6	-1.0	-1.0	0:02:01.060574
6	6	0.3711	0:00:08.492655
6	6	0.41	0:00:05.362302
6	-1.0	-1.0	0:01:41.583217
6	6	0.1162	0:00:22.563135
7	7	0.5531	0:00:06.579458
7	7	0.3801	0:00:05.892001
7	7	0.4377	0:00:06.168665
7	7	0.3726	0:00:07.105407
7	7	0.3166	0:00:06.265845
13	14	0.3284	0:00:06.350399
13	13	0.762	0:00:16.775094
13	-1.0	-1.0	0:01:33.207693
13	13	0.2299	0:00:17.785053
13	7	0.03532	0:01:08.724317
14	-1.0	-1.0	0:01:56.390669
14	14	0.2384	0:00:06.528865
14	6	0.1111	0:00:21.031589
14	13	0.2697	0:00:06.328131
14	13	0.152	0:01:23.532657
