label	predict	radius	time
12	35	0.03288	0:03:29.118527
12	12	0.1923	0:00:11.596385
12	35	0.1183	0:00:26.810947
12	42	0.04159	0:00:30.844794
12	35	0.07327	0:01:01.618626
35	35	0.1697	0:02:27.510643
35	35	0.1134	0:00:31.371955
35	-1.0	-1.0	0:04:12.075934
35	-1.0	-1.0	0:04:10.336928
35	-1.0	-1.0	0:04:01.831987
41	12	0.3767	0:00:26.660713
41	-1.0	-1.0	0:04:07.397472
41	12	0.2287	0:01:18.137535
41	35	0.1738	0:03:34.740890
41	12	0.4053	0:00:50.219359
42	35	0.08453	0:00:34.098468
42	45	0.05039	0:01:08.810224
42	-1.0	-1.0	0:04:30.829594
42	45	0.1134	0:01:12.775292
42	45	0.1207	0:00:48.404991
45	-1.0	-1.0	0:04:18.811569
45	12	0.05274	0:03:33.434278
45	12	0.01829	0:02:27.912553
45	42	0.3204	0:00:17.591712
45	42	0.08751	0:00:15.943957
1	1	0.4435	0:02:04.593024
1	1	0.2795	0:00:13.145773
1	1	0.1697	0:00:13.486576
1	1	0.2364	0:00:17.229506
1	1	0.4546	0:00:16.271582
4	-1.0	-1.0	0:04:03.104546
4	4	0.1289	0:00:10.240562
4	-1.0	-1.0	0:04:11.711716
4	-1.0	-1.0	0:03:54.821231
4	4	0.1433	0:00:16.699711
28	1	0.05183	0:00:57.497586
28	-1.0	-1.0	0:03:58.954548
28	1	0.04468	0:00:53.540309
28	28	0.1067	0:00:16.723052
28	1	0.4181	0:00:15.859664
32	-1.0	-1.0	0:03:58.076364
32	1	0.2491	0:00:11.854178
32	4	0.2848	0:03:09.398987
32	1	0.1419	0:00:52.176407
32	-1.0	-1.0	0:04:09.084019
43	4	0.07234	0:00:13.291923
43	-1.0	-1.0	0:04:11.862423
43	43	0.1839	0:00:14.682848
43	4	0.03511	0:01:38.698744
43	-1.0	-1.0	0:04:02.378432
4	4	0.2745	0:00:14.439182
4	26	0.1476	0:00:19.560935
4	4	0.1901	0:00:17.316231
4	26	0.1651	0:00:17.607035
4	4	0.3492	0:00:17.419871
12	12	0.2321	0:00:19.014782
12	26	0.1251	0:00:25.902741
12	-1.0	-1.0	0:04:11.399556
12	4	0.07087	0:01:23.858055
12	12	0.129	0:00:17.989400
26	26	0.1213	0:00:15.076537
26	12	0.1232	0:01:30.465586
26	26	0.07516	0:00:22.623657
26	12	0.03809	0:02:16.943418
26	26	0.05197	0:01:07.843411
33	33	0.3177	0:00:14.247871
33	33	0.2957	0:00:20.316778
33	33	0.1428	0:00:17.638441
33	37	0.1808	0:00:58.010650
33	33	0.2737	0:00:13.496147
37	-1.0	-1.0	0:04:17.739534
37	37	0.3059	0:00:49.088675
37	37	0.2263	0:00:16.616806
37	37	0.3665	0:00:34.301603
37	37	0.375	0:01:09.107460
10	-1.0	-1.0	0:04:16.693542
10	10	0.07037	0:02:08.208229
10	-1.0	-1.0	0:04:22.700455
10	-1.0	-1.0	0:04:16.959929
10	10	0.05488	0:04:11.854831
12	46	0.1848	0:01:25.616113
12	49	0.08156	0:00:34.925287
12	46	0.1871	0:00:20.731477
12	12	0.05102	0:01:50.558597
12	46	0.2746	0:01:42.597255
44	46	0.1744	0:00:18.088306
44	-1.0	-1.0	0:04:01.328775
44	46	0.05535	0:01:33.900030
44	49	0.1759	0:00:18.354365
44	-1.0	-1.0	0:04:17.949792
46	46	0.04804	0:01:14.535283
46	-1.0	-1.0	0:04:20.173029
46	-1.0	-1.0	0:03:57.942245
46	10	0.2206	0:00:17.283005
46	-1.0	-1.0	0:04:26.792717
49	49	0.06345	0:01:16.552510
49	49	0.3341	0:00:17.413046
49	49	0.3258	0:00:12.789556
49	49	0.2943	0:00:13.811059
49	49	0.1256	0:00:14.604249
2	2	0.09354	0:00:35.110662
2	2	0.1437	0:00:16.586299
2	-1.0	-1.0	0:04:03.324259
2	2	0.2403	0:00:15.722364
2	2	0.2068	0:00:12.521935
8	8	0.2923	0:00:17.715312
8	8	0.1051	0:00:12.588275
8	8	0.1931	0:00:49.492762
8	8	0.2472	0:00:57.686460
8	8	0.1792	0:00:16.023691
11	-1.0	-1.0	0:04:07.038620
11	28	0.09439	0:00:17.663629
11	2	0.1478	0:00:18.603292
11	28	0.1554	0:00:30.441648
11	-1.0	-1.0	0:04:18.887168
12	12	0.09523	0:00:30.291321
12	-1.0	-1.0	0:04:21.775085
12	-1.0	-1.0	0:04:13.028434
12	12	0.287	0:01:41.229151
12	2	0.1846	0:00:14.358444
28	8	0.198	0:00:56.230185
28	28	0.1867	0:00:28.103409
28	8	0.023	0:01:41.338474
28	2	0.03021	0:01:10.091198
28	8	0.03009	0:01:14.344880
10	10	0.105	0:00:25.800632
10	-1.0	-1.0	0:04:24.043914
10	25	0.07071	0:01:09.484344
10	25	0.09095	0:00:44.643568
10	25	0.08139	0:01:27.031973
11	-1.0	-1.0	0:04:11.291536
11	15	0.02246	0:01:51.261028
11	15	0.07516	0:00:24.507719
11	15	0.4886	0:00:19.216644
11	11	0.4413	0:00:37.011186
15	15	0.3713	0:00:19.298182
15	15	0.1925	0:00:29.328409
15	15	0.3982	0:00:11.718671
15	15	0.2964	0:00:11.275941
15	15	0.3343	0:00:16.480855
25	-1.0	-1.0	0:04:21.036251
25	45	0.06803	0:00:08.403232
25	-1.0	-1.0	0:03:56.008631
25	45	0.1228	0:00:17.919509
25	45	0.1425	0:00:53.565305
45	45	0.07257	0:00:36.427226
45	10	0.1772	0:00:17.551103
45	45	0.1935	0:00:15.127248
45	-1.0	-1.0	0:04:11.988164
45	10	0.03938	0:02:53.091647
4	4	0.4883	0:00:42.576641
4	4	0.3333	0:00:49.143675
4	4	0.3823	0:00:15.742807
4	42	0.03744	0:01:14.856713
4	4	0.3453	0:00:19.098274
8	8	0.09571	0:01:02.717800
8	34	0.05347	0:02:19.247849
8	42	0.2999	0:00:56.328710
8	-1.0	-1.0	0:04:27.823907
8	42	0.08947	0:00:21.675923
30	30	0.3992	0:00:30.789610
30	30	0.4743	0:00:57.298826
30	-1.0	-1.0	0:03:44.937737
30	-1.0	-1.0	0:03:47.177261
30	30	0.3949	0:02:12.558182
34	34	0.07732	0:02:19.447842
34	8	0.217	0:00:31.921901
34	-1.0	-1.0	0:03:42.550010
34	-1.0	-1.0	0:03:42.495688
34	8	0.09215	0:00:50.725955
42	42	0.3484	0:00:25.363520
42	42	0.2454	0:00:15.760752
42	42	0.4357	0:03:17.606825
42	42	0.2058	0:00:24.511212
42	42	0.2587	0:03:45.808019
3	-1.0	-1.0	0:03:42.391508
3	-1.0	-1.0	0:03:39.187973
3	3	0.2472	0:00:32.509911
3	3	0.1241	0:00:13.407743
3	3	0.4392	0:00:14.584777
12	-1.0	-1.0	0:03:30.007073
12	3	0.2544	0:00:14.011524
12	3	0.1464	0:00:14.768302
12	12	0.09105	0:02:23.158423
12	-1.0	-1.0	0:03:41.155159
13	-1.0	-1.0	0:03:45.839110
13	-1.0	-1.0	0:03:37.401597
13	-1.0	-1.0	0:03:42.524031
13	-1.0	-1.0	0:03:43.259652
13	-1.0	-1.0	0:04:06.479658
33	-1.0	-1.0	0:03:39.511120
33	-1.0	-1.0	0:03:47.920604
33	-1.0	-1.0	0:03:38.636009
33	-1.0	-1.0	0:03:43.186126
33	-1.0	-1.0	0:03:46.948090
48	12	0.06924	0:03:28.616429
48	-1.0	-1.0	0:03:35.603655
48	12	0.2063	0:01:33.514782
48	-1.0	-1.0	0:03:46.005103
48	3	0.04259	0:00:47.066230
13	13	0.2901	0:00:14.927850
13	13	0.2705	0:00:14.537912
13	13	0.2489	0:00:14.419190
13	13	0.261	0:00:14.685667
13	13	0.2726	0:00:10.991465
22	-1.0	-1.0	0:03:45.135608
22	22	0.07359	0:00:26.217788
22	-1.0	-1.0	0:04:00.483896
22	30	0.04242	0:00:46.903018
22	30	0.08163	0:00:16.426186
30	-1.0	-1.0	0:03:42.620695
30	41	0.3002	0:00:15.800508
30	22	0.05824	0:00:27.168343
30	-1.0	-1.0	0:03:50.233806
30	41	0.1732	0:00:15.087225
41	41	0.304	0:00:13.369567
41	-1.0	-1.0	0:04:00.167446
41	41	0.03265	0:03:22.415990
41	47	0.1413	0:00:14.116011
41	-1.0	-1.0	0:03:37.083524
47	41	0.06193	0:00:41.406568
47	41	0.09027	0:00:34.072941
47	-1.0	-1.0	0:03:32.239722
47	41	0.09581	0:00:36.173780
47	41	0.2278	0:00:16.024678
4	4	0.181	0:00:15.131116
4	4	0.1736	0:00:16.204077
4	-1.0	-1.0	0:03:46.123703
4	-1.0	-1.0	0:03:51.561798
4	4	0.2195	0:00:15.707603
5	30	0.05526	0:02:20.524713
5	-1.0	-1.0	0:03:47.586043
5	-1.0	-1.0	0:03:35.896773
5	4	0.1085	0:00:29.874541
5	30	0.1199	0:00:12.521452
30	30	0.4464	0:00:54.278151
30	41	0.3457	0:00:18.217169
30	30	0.213	0:00:17.123803
30	-1.0	-1.0	0:03:38.737669
30	30	0.3788	0:00:48.728988
36	-1.0	-1.0	0:03:48.190494
36	41	0.1403	0:00:16.495864
36	5	0.1668	0:00:16.599497
36	-1.0	-1.0	0:03:47.161308
36	36	0.1272	0:00:31.796393
41	5	0.03473	0:02:35.399936
41	-1.0	-1.0	0:03:42.487791
41	-1.0	-1.0	0:03:37.442010
41	4	0.09575	0:00:49.278235
41	30	0.04982	0:00:32.776574
13	-1.0	-1.0	0:03:39.814075
13	13	0.2313	0:00:12.458671
13	13	0.1345	0:00:31.715670
13	13	0.1413	0:00:27.924027
13	13	0.1956	0:00:14.648516
23	13	0.09559	0:00:35.615389
23	28	0.2371	0:00:15.729190
23	13	0.1684	0:00:14.551116
23	-1.0	-1.0	0:03:38.057064
23	23	0.1329	0:00:16.588512
28	47	0.03993	0:01:08.846647
28	-1.0	-1.0	0:03:53.293433
28	28	0.2884	0:00:10.719641
28	47	0.05319	0:00:26.843653
28	28	0.2368	0:00:13.914978
47	-1.0	-1.0	0:03:50.086414
47	-1.0	-1.0	0:03:57.558452
47	23	0.1183	0:00:56.272019
47	-1.0	-1.0	0:03:51.719786
47	23	0.1986	0:00:17.344866
49	23	0.02888	0:01:27.679870
49	49	0.0624	0:02:22.320716
49	-1.0	-1.0	0:04:13.795464
49	49	0.2118	0:00:14.665263
49	13	0.06814	0:02:00.000456
9	9	0.3531	0:00:14.520212
9	9	0.4145	0:00:33.004027
9	-1.0	-1.0	0:03:55.895611
9	9	0.08634	0:00:13.971293
9	-1.0	-1.0	0:04:03.632722
28	28	0.1516	0:00:19.323531
28	28	0.3162	0:03:49.347293
28	9	0.09937	0:00:12.213573
28	37	0.1256	0:00:46.439298
28	28	0.05468	0:00:09.214556
37	-1.0	-1.0	0:03:57.647017
37	40	0.0876	0:00:27.725687
37	9	0.05019	0:02:02.755420
37	28	0.1563	0:00:14.999750
37	-1.0	-1.0	0:03:51.129941
40	37	0.04754	0:00:24.586679
40	42	0.02961	0:01:06.487629
40	-1.0	-1.0	0:04:01.994042
40	37	0.1366	0:00:12.598688
40	28	0.0263	0:01:57.347601
42	42	0.2401	0:00:12.567196
42	28	0.178	0:00:15.209365
42	-1.0	-1.0	0:04:02.749111
42	28	0.05257	0:01:40.370941
42	42	0.4231	0:00:13.770477
11	46	0.313	0:01:56.811071
11	-1.0	-1.0	0:03:50.689637
11	41	0.08255	0:00:28.911154
11	46	0.1754	0:00:14.546304
11	46	0.1132	0:00:16.357835
41	46	0.3401	0:00:15.293791
41	-1.0	-1.0	0:04:14.015452
41	46	0.1861	0:00:16.727201
41	46	0.4899	0:00:34.037799
41	46	0.05317	0:01:10.568011
43	-1.0	-1.0	0:03:41.411897
43	43	0.444	0:00:46.319339
43	-1.0	-1.0	0:03:44.872141
43	-1.0	-1.0	0:04:03.025387
43	43	0.5352	0:04:11.074020
44	46	0.06965	0:00:48.881288
44	44	0.245	0:00:47.107708
44	43	0.2724	0:00:14.949884
44	44	0.06865	0:00:51.076167
44	46	0.1808	0:00:11.249789
46	46	0.09829	0:00:13.926623
46	-1.0	-1.0	0:04:04.951260
46	46	0.4041	0:00:14.730610
46	-1.0	-1.0	0:03:39.443096
46	44	0.1508	0:00:18.741026
18	-1.0	-1.0	0:04:00.518664
18	23	0.2043	0:00:33.585898
18	23	0.4	0:00:13.503895
18	23	0.3569	0:00:45.030552
18	-1.0	-1.0	0:04:09.041767
23	23	0.1786	0:00:15.252057
23	-1.0	-1.0	0:03:55.089991
23	-1.0	-1.0	0:03:54.613743
23	23	0.1191	0:00:11.189257
23	-1.0	-1.0	0:03:59.806336
31	31	0.133	0:00:11.739558
31	-1.0	-1.0	0:04:01.190227
31	34	0.08618	0:00:30.960759
31	32	0.1197	0:00:16.673801
31	-1.0	-1.0	0:03:45.859962
32	-1.0	-1.0	0:03:56.989809
32	32	0.1256	0:00:14.108419
32	32	0.06397	0:00:53.925751
32	-1.0	-1.0	0:03:56.362123
32	32	0.2093	0:01:05.379345
34	-1.0	-1.0	0:03:59.007873
34	31	0.09374	0:00:22.020172
34	34	0.09211	0:00:36.108000
34	-1.0	-1.0	0:04:04.479020
34	-1.0	-1.0	0:04:05.694872
7	7	0.1309	0:00:36.201621
7	-1.0	-1.0	0:04:07.916330
7	-1.0	-1.0	0:03:53.303909
7	31	0.1437	0:00:14.841403
7	7	0.05092	0:01:18.995452
14	7	0.0527	0:01:21.006622
14	-1.0	-1.0	0:03:39.602973
14	7	0.2235	0:02:27.772354
14	-1.0	-1.0	0:04:00.847764
14	-1.0	-1.0	0:03:54.839334
26	7	0.04279	0:00:37.163329
26	46	0.2244	0:00:51.341430
26	-1.0	-1.0	0:03:49.367999
26	7	0.1826	0:00:13.633415
26	-1.0	-1.0	0:04:09.410669
31	26	0.2153	0:00:14.888076
31	7	0.2256	0:03:34.771450
31	31	0.294	0:02:47.626033
31	31	0.3054	0:01:17.136467
31	-1.0	-1.0	0:03:53.165091
46	14	0.06977	0:02:49.612886
46	7	0.08292	0:00:27.693215
46	14	0.08642	0:01:39.618161
46	-1.0	-1.0	0:04:06.822889
46	26	0.1111	0:00:48.236365
24	-1.0	-1.0	0:04:05.302545
24	25	0.1798	0:00:12.614109
24	24	0.1663	0:00:15.108153
24	24	0.04619	0:04:15.596422
24	-1.0	-1.0	0:04:08.357061
25	-1.0	-1.0	0:04:01.666996
25	25	0.169	0:00:18.335005
25	48	0.1381	0:00:34.108930
25	25	0.05767	0:00:53.198452
25	25	0.1802	0:00:15.443032
29	24	0.1505	0:00:13.445121
29	29	0.3263	0:00:13.919754
29	29	0.3184	0:00:15.833297
29	25	0.03811	0:01:42.714427
29	29	0.215	0:00:12.173362
37	48	0.05342	0:00:26.655233
37	37	0.04515	0:00:34.021236
37	29	0.08449	0:00:13.232988
37	29	0.05744	0:00:33.276965
37	37	0.2181	0:00:32.025428
48	25	0.04966	0:01:14.448585
48	-1.0	-1.0	0:04:01.302769
48	29	0.1867	0:00:12.720764
48	25	0.2075	0:00:17.025960
48	-1.0	-1.0	0:03:59.684549
22	25	0.1975	0:00:16.445895
22	-1.0	-1.0	0:03:55.041820
22	-1.0	-1.0	0:03:59.233339
22	49	0.06096	0:00:34.831762
22	-1.0	-1.0	0:04:00.701672
25	38	0.1052	0:03:12.591896
25	25	0.2542	0:00:18.121964
25	-1.0	-1.0	0:03:55.504433
25	25	0.2799	0:00:13.104198
25	25	0.1219	0:00:31.672081
34	-1.0	-1.0	0:04:18.893167
34	34	0.05511	0:01:15.459924
34	34	0.1791	0:00:16.027949
34	-1.0	-1.0	0:04:12.064726
34	-1.0	-1.0	0:04:10.888892
38	-1.0	-1.0	0:04:04.471200
38	34	0.1056	0:00:11.716362
38	-1.0	-1.0	0:03:46.796013
38	-1.0	-1.0	0:04:05.395339
38	25	0.07059	0:03:21.243830
49	25	0.05968	0:00:51.074395
49	-1.0	-1.0	0:04:02.221926
49	49	0.1079	0:00:19.016207
49	49	0.2091	0:00:13.976272
49	-1.0	-1.0	0:04:08.934961
9	-1.0	-1.0	0:04:00.223137
9	9	0.2218	0:00:18.255547
9	9	0.2344	0:00:13.691594
9	-1.0	-1.0	0:04:09.969016
9	9	0.0615	0:00:52.331032
16	25	0.1658	0:00:16.555086
16	16	0.05151	0:00:51.208214
16	30	0.05288	0:00:22.894164
16	-1.0	-1.0	0:04:17.610115
16	25	0.1089	0:00:12.920053
21	9	0.2471	0:00:47.629507
21	-1.0	-1.0	0:03:48.323707
21	-1.0	-1.0	0:04:00.861525
21	25	0.03771	0:01:17.315971
21	9	0.06395	0:01:20.530236
25	-1.0	-1.0	0:04:15.537943
25	-1.0	-1.0	0:03:58.365268
25	30	0.1327	0:01:33.278776
25	21	0.1547	0:00:12.604466
25	30	0.04623	0:00:32.518090
30	30	0.2532	0:00:08.929369
30	30	0.2485	0:00:14.249167
30	25	0.1155	0:01:00.747895
30	30	0.09963	0:02:05.577087
30	25	0.1147	0:00:19.162563
3	15	0.09755	0:00:12.340536
3	15	0.1326	0:00:15.677799
3	19	0.1014	0:02:00.873540
3	46	0.3393	0:00:18.384743
3	43	0.2484	0:00:31.397557
15	-1.0	-1.0	0:04:02.233908
15	15	0.4411	0:01:30.314565
15	15	0.4352	0:00:28.591276
15	15	0.3134	0:00:16.393242
15	15	0.4238	0:02:00.082791
19	19	0.07047	0:00:32.765647
19	-1.0	-1.0	0:03:50.407441
19	19	0.1757	0:00:09.802281
19	19	0.2468	0:00:51.075666
19	15	0.3438	0:00:15.333206
43	43	0.0937	0:00:17.394351
43	3	0.05216	0:00:47.907464
43	3	0.03491	0:02:36.420676
43	43	0.303	0:00:16.236465
43	46	0.0495	0:01:18.990766
46	3	0.05416	0:00:53.274220
46	3	0.05531	0:00:51.672805
46	46	0.09546	0:03:22.536601
46	-1.0	-1.0	0:04:03.591051
46	19	0.0645	0:00:36.161675
3	3	0.06641	0:00:13.332868
3	3	0.1172	0:00:14.286830
3	3	0.1341	0:00:11.092084
3	18	0.1303	0:00:14.732017
3	18	0.4335	0:00:12.616470
17	17	0.2324	0:00:34.021127
17	17	0.068	0:00:36.169905
17	48	0.06175	0:00:31.224716
17	48	0.1024	0:00:14.193685
17	17	0.2432	0:00:14.155088
18	3	0.09222	0:00:15.083699
18	18	0.3151	0:00:14.920262
18	18	0.2171	0:00:19.271335
18	18	0.1592	0:00:13.940737
18	18	0.3712	0:00:14.464818
37	37	0.0468	0:03:28.824541
37	17	0.1971	0:00:14.025398
37	-1.0	-1.0	0:04:08.757487
37	17	0.1212	0:00:38.789554
37	48	0.09782	0:00:14.829341
48	3	0.07944	0:00:13.661531
48	18	0.3652	0:00:19.224593
48	18	0.4128	0:00:14.871611
48	18	0.1654	0:00:15.135801
48	3	0.1903	0:00:26.876868
