label	predict	gamma LCB	radius	time	N samples
4	12	0.5247	0.06187	0:00:02.021677	30000
4	4	0.5421	0.1057	0:00:00.071208	1000
4	11	0.5162	0.04068	0:00:00.270243	4000
4	4	0.8833	1.191	0:00:00.068478	1000
4	4	0.6074	0.2726	0:00:00.068347	1000
8	17	0.6152	0.293	0:00:00.068159	1000
8	17	0.6072	0.2719	0:00:00.068376	1000
8	17	0.6203	0.3064	0:00:00.068202	1000
8	4	0.5596	0.1499	0:00:00.068347	1000
8	4	0.5613	0.1542	0:00:00.068233	1000
11	17	0.6341	0.3426	0:00:00.068180	1000
11	17	0.5276	0.06929	0:00:00.068107	1000
11	11	0.5959	0.2426	0:00:00.269054	4000
11	17	0.6441	0.3694	0:00:00.067734	1000
11	17	0.5635	0.16	0:00:00.067841	1000
12	17	0.5253	0.06345	0:00:00.067684	1000
12	17	0.5747	0.1884	0:00:03.759604	56000
12	11	0.6535	0.3947	0:00:00.067785	1000
12	17	0.7833	0.7834	0:00:00.067837	1000
12	12	0.5442	0.111	0:00:00.067723	1000
17	17	0.5614	0.1546	0:00:00.067682	1000
17	17	0.5977	0.2475	0:00:00.067675	1000
17	17	0.7009	0.5269	0:00:00.068448	1000
17	17	0.5231	0.05795	0:00:00.067710	1000
17	17	0.8572	1.068	0:00:00.067751	1000
4	4	0.6524	0.3917	0:00:00.067673	1000
4	13	0.5483	0.1214	0:00:00.067652	1000
4	4	0.5392	0.09843	0:00:00.135096	2000
4	4	0.5194	0.04863	0:00:00.739510	11000
4	16	0.5025	0.006227	0:00:00.336333	5000
9	9	0.7548	0.6896	0:00:00.068695	1000
9	9	0.76	0.7063	0:00:00.068080	1000
9	19	0.5182	0.04564	0:00:00.067597	1000
9	16	0.6642	0.424	0:00:00.067699	1000
9	-1.0	0.0	-1.0	0:00:06.710688	100000
13	16	1.02	nan	0:00:00.067385	1000
13	19	0.5806	0.2035	0:00:00.067564	1000
13	-1.0	0.0	-1.0	0:00:06.709651	100000
13	19	0.6095	0.278	0:00:00.067514	1000
13	-1.0	0.0	-1.0	0:00:06.707944	100000
16	16	1.073	nan	0:00:00.067400	1000
16	9	0.6026	0.2602	0:00:00.134943	2000
16	16	0.5134	0.03366	0:00:01.947110	29000
16	16	0.6934	0.5054	0:00:00.067592	1000
16	9	0.9081	1.329	0:00:00.067772	1000
19	9	0.51	0.02499	0:00:02.685129	40000
19	9	0.9921	2.413	0:00:00.067658	1000
19	13	0.5116	0.02898	0:00:02.017148	30000
19	19	0.6148	0.2918	0:00:01.277366	19000
19	16	0.8788	1.169	0:00:00.067671	1000
0	15	0.5493	0.1239	0:00:00.067507	1000
0	3	0.5021	0.005365	0:00:02.554629	38000
0	15	0.5476	0.1196	0:00:00.067674	1000
0	15	0.5187	0.04682	0:00:00.067506	1000
0	15	0.5303	0.07611	0:00:00.067645	1000
3	3	0.6265	0.3226	0:00:00.067560	1000
3	17	0.5279	0.06989	0:00:00.067769	1000
3	13	0.5168	0.04225	0:00:00.135155	2000
3	-1.0	0.0	-1.0	0:00:06.709625	100000
3	3	0.6334	0.341	0:00:00.067571	1000
13	17	0.5421	0.1058	0:00:00.067780	1000
13	0	0.5553	0.1391	0:00:00.068099	1000
13	0	0.5376	0.09445	0:00:00.069255	1000
13	17	0.5895	0.2263	0:00:02.618727	39000
13	17	0.5268	0.06729	0:00:00.067608	1000
15	15	0.602	0.2585	0:00:00.067642	1000
15	15	0.6026	0.26	0:00:00.067754	1000
15	15	0.5841	0.2124	0:00:00.067575	1000
15	15	0.5443	0.1113	0:00:00.067685	1000
15	17	0.5028	0.006992	0:00:00.871706	13000
17	17	0.7015	0.5287	0:00:00.067658	1000
17	0	0.5092	0.02317	0:00:00.067822	1000
17	17	0.5114	0.02853	0:00:00.134621	2000
17	17	0.6859	0.4843	0:00:00.067674	1000
17	17	0.6116	0.2836	0:00:00.067580	1000
4	5	0.5134	0.03348	0:00:00.067705	1000
4	17	0.6103	0.2802	0:00:00.067361	1000
4	5	0.7302	0.6134	0:00:00.067900	1000
4	11	0.673	0.4482	0:00:00.068143	1000
4	5	0.5466	0.1171	0:00:01.208256	18000
5	17	0.7619	0.7124	0:00:00.067629	1000
5	5	0.5384	0.09642	0:00:00.067568	1000
5	17	0.5225	0.05633	0:00:00.067517	1000
5	-1.0	0.0	-1.0	0:00:06.698963	100000
5	12	0.5214	0.05376	0:00:00.134990	2000
11	12	0.5084	0.02099	0:00:00.335604	5000
11	12	0.6539	0.3959	0:00:00.067945	1000
11	11	0.6927	0.5036	0:00:00.067969	1000
11	12	0.5909	0.23	0:00:00.068006	1000
11	11	0.6333	0.3405	0:00:00.068322	1000
12	12	0.5324	0.08121	0:00:00.067982	1000
12	12	0.5805	0.2031	0:00:00.068227	1000
12	12	0.5959	0.2428	0:00:00.068385	1000
12	11	0.5366	0.09185	0:00:00.067841	1000
12	17	0.656	0.4015	0:00:00.067852	1000
17	17	0.7435	0.6543	0:00:00.068060	1000
17	17	0.8027	0.8512	0:00:00.067965	1000
17	17	0.8338	0.9692	0:00:00.068939	1000
17	17	0.6446	0.3707	0:00:00.067689	1000
17	17	0.7103	0.5541	0:00:00.067644	1000
1	16	0.5061	0.0152	0:00:01.875612	28000
1	1	0.5008	0.001932	0:00:05.825585	87000
1	10	0.6079	0.2738	0:00:00.067632	1000
1	1	0.5228	0.05724	0:00:00.134754	2000
1	1	0.6831	0.4764	0:00:00.067379	1000
6	1	0.7297	0.612	0:00:00.067464	1000
6	6	0.5133	0.03324	0:00:00.067477	1000
6	6	0.5575	0.1446	0:00:00.067544	1000
6	1	0.7277	0.6059	0:00:00.067527	1000
6	6	0.6662	0.4295	0:00:00.067615	1000
10	10	0.5202	0.05057	0:00:00.134953	2000
10	16	0.5746	0.1882	0:00:00.067431	1000
10	1	0.5367	0.09203	0:00:00.201744	3000
10	16	0.512	0.03019	0:00:00.937486	14000
10	-1.0	0.0	-1.0	0:00:06.696244	100000
16	1	0.6391	0.356	0:00:00.067219	1000
16	16	0.685	0.4818	0:00:00.067516	1000
16	17	0.5257	0.06443	0:00:00.067562	1000
16	16	0.573	0.1841	0:00:00.067605	1000
16	17	0.6542	0.3966	0:00:00.067497	1000
17	-1.0	0.0	-1.0	0:00:06.696212	100000
17	17	0.768	0.7323	0:00:00.134206	2000
17	17	0.5306	0.07682	0:00:00.067426	1000
17	10	0.6049	0.266	0:00:00.067411	1000
17	17	0.6308	0.3338	0:00:00.067434	1000
2	10	1.109	nan	0:00:00.067473	1000
2	6	0.7188	0.5794	0:00:00.067464	1000
2	-1.0	0.0	-1.0	0:00:06.702485	100000
2	16	0.669	0.4372	0:00:00.067343	1000
2	10	0.8374	0.9837	0:00:00.068314	1000
6	7	0.5373	0.09368	0:00:00.067963	1000
6	10	1.069	nan	0:00:00.067509	1000
6	6	1.036	nan	0:00:00.067452	1000
6	6	0.9829	2.118	0:00:00.067425	1000
6	10	0.5111	0.02774	0:00:00.134392	2000
7	6	0.5474	0.1192	0:00:00.067656	1000
7	10	0.7683	0.7332	0:00:00.067491	1000
7	10	0.9622	1.777	0:00:00.067488	1000
7	2	0.5694	0.1749	0:00:00.068088	1000
7	6	0.6892	0.4935	0:00:00.067855	1000
10	16	0.5231	0.05802	0:00:00.268681	4000
10	10	0.7575	0.6982	0:00:00.067467	1000
10	10	0.5182	0.04558	0:00:00.067547	1000
10	16	0.9032	1.3	0:00:00.067405	1000
10	10	0.6214	0.3092	0:00:00.067453	1000
16	10	0.6142	0.2904	0:00:00.067589	1000
16	16	0.9712	1.899	0:00:00.067472	1000
16	16	0.7892	0.8036	0:00:00.067518	1000
16	16	0.8438	1.01	0:00:00.067711	1000
16	10	0.6727	0.4474	0:00:00.067454	1000
3	10	0.5412	0.1033	0:00:00.067413	1000
3	3	0.5507	0.1274	0:00:00.067491	1000
3	3	0.5689	0.1735	0:00:00.067419	1000
3	10	0.6272	0.3244	0:00:00.067385	1000
3	10	0.6809	0.4701	0:00:00.067464	1000
10	10	0.6451	0.3722	0:00:00.067604	1000
10	10	0.6404	0.3596	0:00:00.067528	1000
10	10	0.6195	0.3041	0:00:00.067822	1000
10	17	0.5967	0.2448	0:00:00.067511	1000
10	17	0.534	0.0853	0:00:00.067454	1000
11	10	0.5251	0.06299	0:00:00.067578	1000
11	10	0.506	0.01497	0:00:00.602261	9000
11	10	0.7109	0.556	0:00:00.067427	1000
11	17	0.5041	0.01029	0:00:01.003926	15000
11	10	0.522	0.05509	0:00:00.067402	1000
17	17	0.5792	0.1998	0:00:00.067467	1000
17	10	0.5267	0.06692	0:00:00.067525	1000
17	17	0.5113	0.0284	0:00:00.201371	3000
17	10	0.5235	0.05884	0:00:00.067468	1000
17	10	0.567	0.1688	0:00:00.067420	1000
19	10	0.5792	0.1999	0:00:00.067558	1000
19	17	0.5096	0.02401	0:00:00.269794	4000
19	10	0.5296	0.07431	0:00:00.067895	1000
19	19	0.6211	0.3083	0:00:00.269513	4000
19	19	0.5011	0.002799	0:00:02.089815	31000
6	15	0.5324	0.08121	0:00:00.068479	1000
6	15	0.5182	0.04552	0:00:00.068022	1000
6	18	0.511	0.02762	0:00:00.135369	2000
6	11	0.7767	0.7611	0:00:00.067863	1000
6	15	0.527	0.06763	0:00:00.068072	1000
11	12	0.569	0.1739	0:00:00.067946	1000
11	11	0.6682	0.4349	0:00:01.005459	15000
11	15	0.5832	0.21	0:00:00.067394	1000
11	18	0.7084	0.5487	0:00:00.067805	1000
11	15	0.5306	0.07674	0:00:00.067431	1000
12	15	0.6437	0.3684	0:00:00.067524	1000
12	18	0.6185	0.3015	0:00:00.067516	1000
12	12	0.5171	0.04295	0:00:00.938082	14000
12	18	0.5019	0.004639	0:00:01.272561	19000
12	6	0.5172	0.04305	0:00:00.067410	1000
15	15	0.6396	0.3574	0:00:00.067351	1000
15	15	0.6376	0.3522	0:00:00.134383	2000
15	15	0.6678	0.434	0:00:00.268288	4000
15	15	0.7629	0.7156	0:00:00.067701	1000
15	15	0.6698	0.4394	0:00:00.067528	1000
18	15	0.6726	0.447	0:00:00.067484	1000
18	15	0.6128	0.2866	0:00:00.067539	1000
18	15	0.5699	0.1762	0:00:00.067360	1000
18	18	0.5164	0.04115	0:00:00.067535	1000
18	18	0.5254	0.06378	0:00:00.067593	1000
3	3	0.6171	0.298	0:00:00.067465	1000
3	13	0.6167	0.2968	0:00:00.067467	1000
3	3	0.5645	0.1624	0:00:00.067623	1000
3	13	0.5414	0.1038	0:00:00.134304	2000
3	3	0.8129	0.8886	0:00:00.067587	1000
7	13	0.5604	0.152	0:00:00.067376	1000
7	13	0.5104	0.02616	0:00:00.134359	2000
7	13	0.5087	0.0217	0:00:00.067423	1000
7	13	0.7494	0.6727	0:00:00.067512	1000
7	13	0.62	0.3054	0:00:00.067335	1000
8	12	0.5553	0.139	0:00:00.067462	1000
8	13	0.5219	0.05498	0:00:00.067451	1000
8	13	0.5789	0.199	0:00:00.067357	1000
8	7	0.5296	0.07414	0:00:00.268968	4000
8	3	0.5299	0.07514	0:00:00.067636	1000
12	13	0.5571	0.1436	0:00:00.067470	1000
12	13	0.851	1.041	0:00:00.134329	2000
12	12	0.6683	0.4351	0:00:00.067542	1000
12	12	0.5185	0.0463	0:00:00.067417	1000
12	12	0.5351	0.08816	0:00:00.067492	1000
13	13	0.7107	0.5555	0:00:00.067449	1000
13	13	0.5386	0.09692	0:00:00.067497	1000
13	13	0.5088	0.02201	0:00:00.201197	3000
13	13	0.6793	0.4657	0:00:00.134546	2000
13	13	0.7973	0.8319	0:00:00.068024	1000
0	14	0.5488	0.1226	0:00:00.067360	1000
0	0	0.6219	0.3105	0:00:00.067577	1000
0	0	0.6157	0.2943	0:00:00.067585	1000
0	0	0.6965	0.5145	0:00:00.067654	1000
0	11	0.6884	0.4912	0:00:00.068015	1000
10	11	0.5535	0.1344	0:00:00.067894	1000
10	10	0.6195	0.3042	0:00:00.067976	1000
10	15	0.5326	0.08179	0:00:00.069231	1000
10	10	0.5567	0.1426	0:00:00.068019	1000
10	11	0.5643	0.162	0:00:00.067479	1000
11	10	0.5871	0.2202	0:00:01.674895	25000
11	10	0.6165	0.2962	0:00:00.067540	1000
11	11	0.822	0.9231	0:00:00.067543	1000
11	10	0.5584	0.147	0:00:00.067502	1000
11	11	0.5959	0.2427	0:00:00.268214	4000
14	11	0.5037	0.00916	0:00:01.274528	19000
14	11	0.5156	0.03919	0:00:00.134559	2000
14	10	0.5527	0.1324	0:00:00.268384	4000
14	10	0.5372	0.09345	0:00:00.067681	1000
14	14	0.5799	0.2018	0:00:00.067676	1000
15	10	0.6208	0.3075	0:00:00.067616	1000
15	15	0.5849	0.2146	0:00:00.201284	3000
15	10	0.5762	0.1923	0:00:00.067434	1000
15	10	0.5216	0.0542	0:00:00.067466	1000
15	15	0.7232	0.5925	0:00:00.671172	10000
0	0	0.5984	0.2493	0:00:00.067611	1000
0	0	0.5212	0.05305	0:00:00.134948	2000
0	0	0.558	0.146	0:00:00.068086	1000
0	16	0.5249	0.06248	0:00:00.067978	1000
0	0	0.6641	0.4237	0:00:00.067938	1000
4	4	0.5178	0.04464	0:00:00.201912	3000
4	5	0.6038	0.2633	0:00:00.067766	1000
4	5	0.6439	0.3689	0:00:00.068058	1000
4	16	0.6017	0.2577	0:00:00.067662	1000
4	16	0.6358	0.3471	0:00:00.201438	3000
5	0	0.5677	0.1705	0:00:00.067682	1000
5	0	0.5256	0.06423	0:00:01.476979	22000
5	13	0.644	0.3692	0:00:02.754032	41000
5	5	0.7489	0.671	0:00:00.067691	1000
5	4	0.5454	0.1139	0:00:00.134947	2000
13	16	0.6538	0.3957	0:00:00.067658	1000
13	4	0.5055	0.01383	0:00:02.347760	35000
13	0	0.6371	0.3507	0:00:00.067637	1000
13	16	0.5524	0.1317	0:00:00.067935	1000
13	16	0.5751	0.1893	0:00:00.067699	1000
16	16	0.5186	0.0467	0:00:00.134429	2000
16	16	0.6622	0.4184	0:00:00.067507	1000
16	0	0.536	0.09048	0:00:00.067711	1000
16	0	0.5165	0.04148	0:00:00.201760	3000
16	16	0.5139	0.03488	0:00:00.268782	4000
4	7	0.5151	0.03794	0:00:00.067652	1000
4	7	0.6442	0.3697	0:00:00.134646	2000
4	5	0.6551	0.3991	0:00:00.067593	1000
4	17	0.5991	0.2511	0:00:00.067596	1000
4	5	0.6123	0.2852	0:00:00.067470	1000
5	7	0.559	0.1485	0:00:00.402415	6000
5	5	0.7005	0.5258	0:00:00.067786	1000
5	7	0.5204	0.05107	0:00:00.068267	1000
5	5	0.7147	0.5671	0:00:00.067675	1000
5	5	0.5304	0.07638	0:00:00.068113	1000
7	17	0.501	0.002629	0:00:00.878240	13000
7	7	0.5305	0.07653	0:00:00.068027	1000
7	7	0.7059	0.5414	0:00:00.067987	1000
7	7	0.5157	0.03938	0:00:00.067755	1000
7	17	0.6066	0.2705	0:00:00.068234	1000
8	7	0.5562	0.1414	0:00:00.068094	1000
8	7	0.6385	0.3545	0:00:00.068165	1000
8	4	0.8479	1.027	0:00:00.068075	1000
8	5	0.6963	0.5139	0:00:00.068022	1000
8	17	0.695	0.51	0:00:00.067896	1000
17	17	0.6241	0.3162	0:00:00.068812	1000
17	17	0.7142	0.5657	0:00:00.068192	1000
17	17	0.7007	0.5265	0:00:00.068458	1000
17	7	0.5068	0.01693	0:00:00.067960	1000
17	17	0.7298	0.6121	0:00:00.067912	1000
2	17	0.6508	0.3874	0:00:00.067977	1000
2	17	0.7123	0.5602	0:00:00.068200	1000
2	8	0.7311	0.6162	0:00:00.067904	1000
2	17	0.6304	0.333	0:00:00.068068	1000
2	9	0.7181	0.5773	0:00:00.068110	1000
8	9	0.546	0.1155	0:00:00.270069	4000
8	9	0.5275	0.0691	0:00:00.539921	8000
8	17	0.7421	0.6498	0:00:00.067904	1000
8	2	0.8267	0.9411	0:00:00.068096	1000
8	17	0.5511	0.1284	0:00:00.068224	1000
9	17	0.5717	0.1808	0:00:00.135119	2000
9	17	0.5794	0.2004	0:00:00.135269	2000
9	9	0.5446	0.1121	0:00:00.270230	4000
9	9	0.5287	0.07196	0:00:00.469836	7000
9	9	0.6742	0.4516	0:00:00.067417	1000
13	17	0.5331	0.08298	0:00:00.067476	1000
13	9	0.9091	1.336	0:00:00.067408	1000
13	17	0.7435	0.6543	0:00:00.067530	1000
13	8	0.5046	0.01146	0:00:01.476427	22000
13	17	0.5514	0.1293	0:00:00.201842	3000
17	-1.0	0.0	-1.0	0:00:06.709795	100000
17	17	0.9705	1.889	0:00:00.067772	1000
17	17	0.5386	0.0969	0:00:00.335234	5000
17	17	0.5088	0.02195	0:00:00.134668	2000
17	17	0.6478	0.3793	0:00:00.067919	1000
4	9	0.7566	0.6953	0:00:00.067872	1000
4	9	0.7954	0.8254	0:00:00.067562	1000
4	14	0.5011	0.002813	0:00:02.145835	32000
4	4	0.6106	0.2809	0:00:00.067632	1000
4	17	0.5612	0.154	0:00:00.067485	1000
9	9	0.5531	0.1334	0:00:00.067508	1000
9	9	0.5834	0.2105	0:00:00.067697	1000
9	9	0.6043	0.2644	0:00:00.067469	1000
9	9	0.8296	0.9527	0:00:00.067371	1000
9	9	0.5422	0.1059	0:00:00.067863	1000
10	9	0.554	0.1358	0:00:00.067696	1000
10	17	0.5208	0.05211	0:00:00.134326	2000
10	17	0.5701	0.1767	0:00:00.535820	8000
10	9	0.5718	0.1811	0:00:00.067562	1000
10	9	0.6144	0.2907	0:00:00.067673	1000
14	14	0.5942	0.2383	0:00:00.067521	1000
14	14	0.5941	0.2382	0:00:00.067407	1000
14	10	0.5249	0.06243	0:00:00.067774	1000
14	14	0.7935	0.8186	0:00:00.068406	1000
14	14	0.9004	1.284	0:00:00.134618	2000
17	17	0.5249	0.06234	0:00:00.269395	4000
17	17	0.6097	0.2785	0:00:00.067527	1000
17	17	0.6353	0.346	0:00:00.067567	1000
17	14	0.5331	0.08315	0:00:00.067822	1000
17	17	0.6397	0.3576	0:00:00.067558	1000
4	9	0.6524	0.3919	0:00:00.067518	1000
4	4	0.9137	1.364	0:00:00.067558	1000
4	9	0.5374	0.09388	0:00:00.067659	1000
4	13	0.5447	0.1122	0:00:00.067766	1000
4	4	0.9318	1.489	0:00:00.067632	1000
9	9	0.6134	0.2883	0:00:00.067546	1000
9	9	0.7419	0.6491	0:00:00.068278	1000
9	9	0.7967	0.8299	0:00:00.067569	1000
9	9	0.8139	0.8922	0:00:00.067757	1000
9	9	0.822	0.9229	0:00:00.067569	1000
13	9	0.5104	0.02607	0:00:00.201489	3000
13	9	0.638	0.3531	0:00:00.134891	2000
13	9	0.5873	0.2207	0:00:00.134789	2000
13	9	0.6074	0.2725	0:00:00.067695	1000
13	9	0.5909	0.2299	0:00:00.067652	1000
14	14	0.5343	0.08597	0:00:00.067650	1000
14	9	0.7878	0.7987	0:00:00.134438	2000
14	14	0.5103	0.02575	0:00:00.067464	1000
14	9	0.5014	0.003481	0:00:01.341125	20000
14	14	0.538	0.09534	0:00:00.067593	1000
17	9	0.5671	0.1691	0:00:00.067521	1000
17	9	0.54	0.1004	0:00:00.067470	1000
17	9	0.729	0.6098	0:00:00.067518	1000
17	17	0.604	0.2638	0:00:00.067761	1000
17	9	0.5528	0.1327	0:00:00.067447	1000
15	16	0.7397	0.6424	0:00:00.067584	1000
15	16	0.5556	0.1399	0:00:00.201180	3000
15	15	0.5084	0.02095	0:00:02.077398	31000
15	15	0.5329	0.08263	0:00:00.134755	2000
15	16	0.9848	2.164	0:00:00.067696	1000
16	16	0.5209	0.05248	0:00:00.067641	1000
16	17	0.6034	0.262	0:00:00.067837	1000
16	-1.0	0.0	-1.0	0:00:06.699029	100000
16	16	0.5304	0.07633	0:00:00.469237	7000
16	15	0.8424	1.005	0:00:00.067582	1000
17	17	0.5275	0.06906	0:00:00.067701	1000
17	17	0.5576	0.1448	0:00:00.067603	1000
17	17	0.507	0.01744	0:00:00.201675	3000
17	15	0.7276	0.6057	0:00:01.071618	16000
17	15	0.6466	0.3763	0:00:00.067828	1000
18	18	0.501	0.002503	0:00:03.349175	50000
18	15	1.05	nan	0:00:00.067632	1000
18	17	0.5055	0.01386	0:00:00.604673	9000
18	17	0.6531	0.3936	0:00:00.067510	1000
18	17	0.5478	0.12	0:00:00.068650	1000
19	16	0.6547	0.3981	0:00:00.067551	1000
19	15	0.503	0.007472	0:00:00.536463	8000
19	19	0.6992	0.5222	0:00:00.067538	1000
19	17	0.5492	0.1236	0:00:00.067497	1000
19	17	0.5477	0.1198	0:00:00.067565	1000
0	18	0.5266	0.06679	0:00:00.067491	1000
0	5	0.513	0.03267	0:00:00.067473	1000
0	0	0.5248	0.06209	0:00:00.067407	1000
0	0	0.5345	0.08662	0:00:00.067326	1000
0	16	0.6455	0.3731	0:00:00.067632	1000
5	5	0.6852	0.4823	0:00:00.067514	1000
5	0	0.5313	0.07853	0:00:00.268571	4000
5	16	0.5438	0.1101	0:00:00.067467	1000
5	5	0.5467	0.1174	0:00:00.067484	1000
5	5	0.6998	0.5239	0:00:00.067271	1000
12	16	0.5763	0.1925	0:00:00.067457	1000
12	16	0.7058	0.541	0:00:00.067457	1000
12	18	0.5555	0.1396	0:00:00.067426	1000
12	0	0.5529	0.1329	0:00:00.067461	1000
12	18	0.5876	0.2215	0:00:00.068179	1000
16	0	0.5278	0.06978	0:00:00.067747	1000
16	16	0.5332	0.08328	0:00:00.067571	1000
16	0	0.5617	0.1554	0:00:00.134430	2000
16	0	0.5671	0.1689	0:00:00.067411	1000
16	0	0.5173	0.04345	0:00:00.067412	1000
18	18	0.5515	0.1295	0:00:00.067438	1000
18	16	0.5393	0.09861	0:00:00.067612	1000
18	18	0.5711	0.1791	0:00:00.067465	1000
18	18	0.5134	0.03349	0:00:00.067409	1000
18	0	0.5176	0.04404	0:00:00.067389	1000
5	5	0.5246	0.06177	0:00:00.067587	1000
5	5	0.5447	0.1124	0:00:00.067611	1000
5	5	0.5708	0.1783	0:00:00.201701	3000
5	11	0.5236	0.0592	0:00:00.067361	1000
5	11	0.5047	0.01177	0:00:00.268748	4000
8	9	0.5895	0.2263	0:00:00.067406	1000
8	18	0.6474	0.3784	0:00:00.067441	1000
8	11	0.5299	0.07498	0:00:00.067477	1000
8	18	0.5956	0.2419	0:00:00.067498	1000
8	9	0.5465	0.1168	0:00:00.067570	1000
9	9	0.5435	0.1093	0:00:00.067586	1000
9	9	0.6209	0.3077	0:00:00.067892	1000
9	9	0.7206	0.5845	0:00:00.067705	1000
9	9	0.5919	0.2325	0:00:00.067790	1000
9	9	0.7214	0.5871	0:00:00.067495	1000
11	9	0.8346	0.9726	0:00:00.067557	1000
11	18	0.5723	0.1822	0:00:00.737090	11000
11	9	0.7577	0.6989	0:00:00.067586	1000
11	18	0.5301	0.07544	0:00:00.067720	1000
11	9	0.6164	0.2962	0:00:01.607932	24000
18	5	0.5067	0.01668	0:00:00.067854	1000
18	9	0.5351	0.08806	0:00:00.067703	1000
18	18	0.555	0.1383	0:00:00.468822	7000
18	18	0.6496	0.3841	0:00:00.067466	1000
18	8	0.5222	0.05562	0:00:00.134597	2000
1	7	0.7174	0.5751	0:00:00.067503	1000
1	1	0.5235	0.05884	0:00:00.268171	4000
1	1	0.6191	0.303	0:00:00.067384	1000
1	18	0.5083	0.02081	0:00:00.270017	4000
1	1	0.6352	0.3456	0:00:00.067562	1000
7	7	0.5699	0.1761	0:00:00.067550	1000
7	18	0.5591	0.1487	0:00:00.067438	1000
7	7	0.5971	0.2458	0:00:00.068022	1000
7	18	0.5195	0.04902	0:00:00.067449	1000
7	1	0.5993	0.2514	0:00:00.067419	1000
12	12	0.5099	0.02488	0:00:00.067531	1000
12	12	0.6358	0.3474	0:00:00.067407	1000
12	12	0.5016	0.003934	0:00:00.536143	8000
12	7	0.5182	0.04555	0:00:00.602645	9000
12	12	0.5222	0.05579	0:00:00.803798	12000
18	12	0.5462	0.116	0:00:00.067525	1000
18	18	0.8272	0.943	0:00:00.134336	2000
18	1	0.5059	0.01471	0:00:00.201775	3000
18	18	0.7686	0.7343	0:00:00.067544	1000
18	1	0.5401	0.1007	0:00:00.067525	1000
19	1	0.5035	0.008797	0:00:00.807052	12000
19	1	0.5909	0.2299	0:00:00.067589	1000
19	1	0.5037	0.0092	0:00:00.671365	10000
19	18	0.5597	0.1502	0:00:00.067482	1000
19	18	0.8854	1.203	0:00:00.067555	1000
14	17	0.5456	0.1146	0:00:00.067909	1000
14	19	0.5273	0.06838	0:00:00.134508	2000
14	14	0.5747	0.1884	0:00:00.067611	1000
14	16	0.5145	0.03624	0:00:00.269030	4000
14	16	0.7708	0.7416	0:00:00.067564	1000
16	17	0.7409	0.646	0:00:00.067505	1000
16	16	0.893	1.243	0:00:00.067496	1000
16	16	0.7509	0.6772	0:00:00.067418	1000
16	17	0.5775	0.1955	0:00:00.067404	1000
16	17	0.6927	0.5037	0:00:00.067437	1000
17	16	0.5292	0.07337	0:00:00.067664	1000
17	17	0.6347	0.3444	0:00:00.067561	1000
17	17	0.8239	0.9301	0:00:00.067659	1000
17	17	0.6371	0.3508	0:00:00.067457	1000
17	16	0.8966	1.263	0:00:00.067482	1000
18	16	0.5279	0.06993	0:00:00.134408	2000
18	19	0.6443	0.3698	0:00:00.067483	1000
18	16	0.563	0.1586	0:00:01.273032	19000
18	16	0.6304	0.333	0:00:00.067477	1000
18	18	0.5413	0.1038	0:00:00.067516	1000
19	17	0.59	0.2275	0:00:00.067526	1000
19	17	0.5343	0.08601	0:00:00.067753	1000
19	17	0.6248	0.3182	0:00:00.067597	1000
19	16	0.5588	0.1479	0:00:00.067438	1000
19	14	0.5197	0.04931	0:00:00.201284	3000
