label	predict	gamma LCB	radius	time	N samples
9	9	0.5581	0.1461	0:00:00.252650	1000
9	9	0.6503	0.3863	0:00:00.251358	1000
9	18	0.7163	0.5718	0:00:00.271820	1000
9	9	0.7332	0.6225	0:00:00.271213	1000
9	9	0.5216	0.05408	0:00:00.269150	1000
18	18	0.7399	0.6429	0:00:00.276917	1000
18	48	0.5174	0.04371	0:00:00.277590	1000
18	18	0.5452	0.1135	0:00:00.277002	1000
18	18	0.5028	0.00696	0:00:01.081774	4000
18	18	0.6917	0.5008	0:00:00.180467	1000
41	42	0.533	0.08275	0:00:00.537299	3000
41	41	0.5012	0.003101	0:00:02.463041	9000
41	48	0.549	0.1231	0:00:00.275849	1000
41	18	0.6833	0.4771	0:00:00.276542	1000
41	18	0.6277	0.3259	0:00:00.276635	1000
42	9	0.6757	0.4556	0:00:00.276143	1000
42	42	0.5205	0.05149	0:00:00.282008	1000
42	18	0.5286	0.0718	0:00:00.282234	1000
42	48	0.5265	0.06639	0:00:00.276657	1000
42	42	0.5331	0.08307	0:00:00.276206	1000
48	42	0.5403	0.1012	0:00:00.277416	1000
48	18	0.6518	0.3902	0:00:00.276639	1000
48	18	0.5478	0.12	0:00:00.275913	1000
48	41	0.6717	0.4447	0:00:00.276127	1000
48	48	0.508	0.02017	0:00:00.276196	1000
12	12	0.699	0.5215	0:00:00.254229	1000
12	36	0.5238	0.05977	0:00:00.276453	1000
12	12	0.5835	0.2109	0:00:00.276180	1000
12	44	0.8632	1.095	0:00:00.554221	2000
12	14	0.5081	0.0202	0:00:00.552680	2000
14	14	0.6459	0.3743	0:00:00.276789	1000
14	44	0.5501	0.1258	0:00:00.275676	1000
14	14	0.7013	0.5281	0:00:01.798358	7000
14	36	0.5061	0.01521	0:00:01.282534	5000
14	14	0.5326	0.08183	0:00:00.257346	1000
23	14	0.6112	0.2823	0:00:00.236544	1000
23	14	0.564	0.1611	0:00:00.277692	1000
23	36	0.5003	0.0006392	0:00:18.627919	79000
23	12	0.5638	0.1605	0:00:00.181212	1000
23	14	0.6569	0.4041	0:00:00.256531	1000
36	23	0.6078	0.2735	0:00:00.276372	1000
36	23	0.6515	0.3894	0:00:00.276856	1000
36	36	0.5512	0.1288	0:00:00.276209	1000
36	23	0.5821	0.2072	0:00:00.277239	1000
36	36	0.5124	0.03107	0:00:00.276860	1000
44	36	0.6569	0.4041	0:00:01.109340	4000
44	44	0.6582	0.4076	0:00:00.255087	1000
44	44	0.5771	0.1946	0:00:00.256382	1000
44	44	0.714	0.5651	0:00:00.276731	1000
44	44	0.5092	0.02308	0:00:00.277407	1000
3	40	0.5985	0.2494	0:00:00.275825	1000
3	18	0.6563	0.4023	0:00:03.329551	12000
3	-1.0	0.0	-1.0	0:00:26.780576	100000
3	18	0.5416	0.1045	0:00:00.260283	1000
3	18	0.5711	0.1792	0:00:00.237165	1000
7	40	0.619	0.303	0:00:00.277478	1000
7	7	0.5773	0.1951	0:00:00.277077	1000
7	7	0.5635	0.1599	0:00:00.277784	1000
7	7	0.5103	0.02582	0:00:00.558666	2000
7	7	0.6655	0.4275	0:00:00.276966	1000
18	3	0.7811	0.776	0:00:00.276088	1000
18	40	0.5414	0.104	0:00:00.277824	1000
18	40	0.5231	0.05782	0:00:00.277689	1000
18	3	0.7706	0.741	0:00:00.256289	1000
18	18	0.5265	0.06656	0:00:00.257100	1000
24	18	0.5054	0.01349	0:00:00.282938	1000
24	18	0.634	0.3424	0:00:00.277358	1000
24	24	0.5199	0.0499	0:00:00.275872	1000
24	40	0.6553	0.3997	0:00:00.276970	1000
24	40	0.5035	0.008813	0:00:01.935129	7000
40	40	0.6458	0.3741	0:00:00.275743	1000
40	3	0.6946	0.5091	0:00:00.276114	1000
40	3	0.7506	0.6763	0:00:00.276634	1000
40	3	0.8184	0.9094	0:00:00.255624	1000
40	3	0.7791	0.7691	0:00:00.255888	1000
32	49	0.5692	0.1745	0:00:00.276128	1000
32	38	0.99	2.326	0:00:00.275817	1000
32	38	0.7113	0.5573	0:00:00.256846	1000
32	38	0.99	2.326	0:00:00.257178	1000
32	49	0.6028	0.2605	0:00:00.276843	1000
36	38	0.5285	0.07138	0:00:01.384622	5000
36	36	0.5946	0.2395	0:00:00.259261	1000
36	43	0.6609	0.4149	0:00:00.254539	1000
36	36	0.6489	0.3824	0:00:00.276051	1000
36	36	0.619	0.3029	0:00:00.276111	1000
38	36	0.5024	0.006069	0:00:02.646560	10000
38	43	0.5279	0.07004	0:00:00.276076	1000
38	32	0.515	0.03762	0:00:04.740031	17000
38	36	0.5413	0.1038	0:00:00.255779	1000
38	32	0.5536	0.1348	0:00:00.276351	1000
43	43	0.533	0.0829	0:00:00.553039	2000
43	43	0.5067	0.0167	0:00:00.552425	2000
43	43	0.5893	0.2258	0:00:00.253994	1000
43	43	0.99	2.326	0:00:00.253136	1000
43	32	0.5238	0.05963	0:00:00.252935	1000
49	49	0.5495	0.1244	0:00:00.255342	1000
49	49	0.7221	0.589	0:00:00.276695	1000
49	49	0.7484	0.6695	0:00:00.276380	1000
49	49	0.54	0.1004	0:00:00.275713	1000
49	36	0.5876	0.2213	0:00:00.276145	1000
24	46	0.515	0.03759	0:00:00.275129	1000
24	46	0.5151	0.03789	0:00:00.274677	1000
24	46	0.5618	0.1555	0:00:00.275853	1000
24	46	0.6502	0.386	0:00:00.254223	1000
24	24	0.5922	0.2333	0:00:00.231927	1000
36	36	0.6474	0.3784	0:00:00.271387	1000
36	36	0.5563	0.1416	0:00:00.271740	1000
36	24	0.6519	0.3904	0:00:00.271435	1000
36	24	0.5301	0.07549	0:00:00.274396	1000
36	46	0.5747	0.1884	0:00:00.276811	1000
43	43	0.7838	0.785	0:00:00.255172	1000
43	43	0.5407	0.1021	0:00:00.275859	1000
43	43	0.7499	0.6743	0:00:00.275985	1000
43	47	0.5167	0.04186	0:00:00.276111	1000
43	46	0.508	0.02	0:00:00.277395	1000
46	46	0.6164	0.296	0:00:00.275234	1000
46	47	0.6442	0.3698	0:00:00.275666	1000
46	46	0.6411	0.3615	0:00:00.275883	1000
46	36	0.502	0.005082	0:00:03.842561	14000
46	47	0.5252	0.0631	0:00:00.254019	1000
47	46	0.6098	0.2787	0:00:00.254504	1000
47	47	0.5331	0.08312	0:00:00.276118	1000
47	46	0.5199	0.04982	0:00:00.277124	1000
47	46	0.5564	0.1418	0:00:00.277699	1000
47	46	0.5948	0.2398	0:00:00.276489	1000
25	25	0.6758	0.4561	0:00:00.274980	1000
25	25	0.5724	0.1824	0:00:00.276582	1000
25	25	0.6669	0.4313	0:00:00.276341	1000
25	25	0.7508	0.6769	0:00:17.547542	64000
25	40	0.7613	0.7104	0:00:00.254864	1000
27	25	0.5076	0.01899	0:00:00.255568	1000
27	27	0.5001	0.0002884	0:00:23.862395	88000
27	27	0.63	0.332	0:00:00.275336	1000
27	27	0.587	0.2197	0:00:00.276072	1000
27	27	0.6331	0.34	0:00:00.275535	1000
35	35	0.7346	0.6266	0:00:00.276267	1000
35	25	0.6628	0.42	0:00:00.275559	1000
35	41	0.5116	0.029	0:00:01.531649	6000
35	35	0.6357	0.3469	0:00:00.256346	1000
35	35	0.8019	0.8485	0:00:00.275670	1000
40	40	0.5521	0.1311	0:00:00.276366	1000
40	40	0.513	0.03271	0:00:00.552476	2000
40	-1.0	0.0	-1.0	0:00:27.272230	100000
40	25	0.5794	0.2004	0:00:00.254557	1000
40	41	0.6024	0.2595	0:00:00.252116	1000
41	40	0.5026	0.006641	0:00:03.568566	13000
41	25	0.5072	0.018	0:00:00.255783	1000
41	35	0.5372	0.09331	0:00:00.275860	1000
41	25	0.6421	0.364	0:00:00.275594	1000
41	25	0.5977	0.2475	0:00:00.273562	1000
9	34	0.533	0.08292	0:00:00.274248	1000
9	9	0.615	0.2925	0:00:00.275787	1000
9	9	0.7161	0.5712	0:00:00.275194	1000
9	9	0.6705	0.4413	0:00:00.255919	1000
9	9	0.6086	0.2757	0:00:00.829261	3000
23	23	0.5557	0.1402	0:00:00.275362	1000
23	34	0.6937	0.5063	0:00:00.276078	1000
23	23	0.5162	0.04072	0:00:00.274961	1000
23	23	0.5272	0.06821	0:00:00.276905	1000
23	44	0.502	0.005059	0:00:01.928088	7000
32	34	0.5038	0.009524	0:00:01.506144	6000
32	32	0.5002	0.0005493	0:00:19.832504	75000
32	32	0.5424	0.1066	0:00:09.345553	34000
32	34	0.6288	0.3288	0:00:00.276468	1000
32	34	0.5004	0.001045	0:00:09.375228	38000
34	34	0.5281	0.07051	0:00:00.254874	1000
34	32	0.5699	0.176	0:00:00.255592	1000
34	9	0.5108	0.02714	0:00:00.276483	1000
34	34	0.6298	0.3312	0:00:00.276021	1000
34	34	0.6658	0.4285	0:00:00.275820	1000
44	44	0.6834	0.4772	0:00:00.276182	1000
44	32	0.5173	0.04341	0:00:00.275436	1000
44	44	0.5117	0.02921	0:00:00.766623	3000
44	44	0.6134	0.2881	0:00:00.255213	1000
44	44	0.6389	0.3555	0:00:00.255305	1000
4	39	0.5044	0.01108	0:00:02.460387	9000
4	39	0.5082	0.02047	0:00:01.913616	7000
4	29	0.6122	0.285	0:00:00.276098	1000
4	37	0.5797	0.2012	0:00:00.276836	1000
4	4	0.6361	0.348	0:00:00.275973	1000
29	39	0.5771	0.1944	0:00:00.275377	1000
29	29	0.5567	0.1426	0:00:00.276162	1000
29	29	0.5825	0.2084	0:00:00.276322	1000
29	29	0.5787	0.1985	0:00:07.719060	28000
29	39	0.5127	0.03184	0:00:01.105026	4000
37	37	0.739	0.6402	0:00:01.383027	5000
37	37	0.5443	0.1114	0:00:00.274428	1000
37	37	0.6532	0.3939	0:00:00.275823	1000
37	39	0.5373	0.09374	0:00:00.276496	1000
37	37	0.5607	0.1528	0:00:00.276382	1000
39	37	0.6085	0.2755	0:00:00.275660	1000
39	29	0.5162	0.04073	0:00:00.827967	3000
39	37	0.542	0.1055	0:00:00.276851	1000
39	39	0.8455	1.017	0:00:00.275556	1000
39	39	0.5675	0.1701	0:00:00.275845	1000
41	41	0.5023	0.005698	0:00:01.848468	7000
41	41	0.6436	0.368	0:00:00.253789	1000
41	37	0.5423	0.1061	0:00:01.081743	4000
41	37	0.7138	0.5646	0:00:03.320139	12000
41	41	0.5676	0.1704	0:00:00.275811	1000
1	1	0.8473	1.025	0:00:00.274526	1000
1	2	0.5149	0.03729	0:00:00.830205	3000
1	1	0.9071	1.323	0:00:00.275932	1000
1	1	0.8729	1.14	0:00:00.275971	1000
1	1	0.6915	0.5002	0:00:00.276294	1000
2	2	0.7071	0.5449	0:00:00.255718	1000
2	1	0.6309	0.3341	0:00:00.256086	1000
2	2	0.5473	0.1189	0:00:00.276139	1000
2	1	0.5687	0.1731	0:00:00.275443	1000
2	2	0.6296	0.3308	0:00:00.275135	1000
22	32	0.5992	0.2513	0:00:00.276815	1000
22	38	0.6811	0.4707	0:00:00.276425	1000
22	-1.0	0.0	-1.0	0:00:26.642420	100000
22	38	0.7309	0.6156	0:00:00.276033	1000
22	32	0.5164	0.04123	0:00:00.551548	2000
32	32	0.5026	0.006549	0:00:07.102944	26000
32	-1.0	0.0	-1.0	0:00:27.071912	100000
32	38	0.5312	0.07819	0:00:00.276739	1000
32	32	0.5797	0.2012	0:00:00.276047	1000
32	2	0.7002	0.5249	0:00:00.276545	1000
38	38	0.6639	0.4231	0:00:00.275472	1000
38	22	0.5144	0.03604	0:00:00.276677	1000
38	22	0.5532	0.1337	0:00:00.275609	1000
38	38	0.8177	0.9065	0:00:00.275180	1000
38	32	0.5203	0.05103	0:00:00.552019	2000
13	18	0.6941	0.5074	0:00:00.275855	1000
13	18	0.6122	0.2849	0:00:00.275694	1000
13	18	0.6141	0.2901	0:00:00.275556	1000
13	18	0.5069	0.0174	0:00:02.556200	10000
13	18	0.6431	0.3669	0:00:00.254844	1000
17	22	0.5428	0.1075	0:00:00.275860	1000
17	17	0.5579	0.1456	0:00:00.254947	1000
17	17	0.6172	0.2981	0:00:00.255580	1000
17	17	0.6964	0.5141	0:00:00.255289	1000
17	17	0.7239	0.5944	0:00:00.263961	1000
18	18	0.6621	0.4182	0:00:02.460627	9000
18	18	0.6468	0.3766	0:00:00.276562	1000
18	18	0.6284	0.3275	0:00:00.276556	1000
18	18	0.5572	0.1439	0:00:00.276757	1000
18	18	0.5005	0.001303	0:00:21.484973	78000
22	22	0.6465	0.3758	0:00:00.276941	1000
22	22	0.5179	0.04487	0:00:00.276462	1000
22	22	0.5322	0.08085	0:00:00.275866	1000
22	22	0.5386	0.09695	0:00:00.275542	1000
22	22	0.5478	0.1201	0:00:00.552875	2000
32	22	0.5866	0.2189	0:00:00.276863	1000
32	17	0.5469	0.1178	0:00:00.277121	1000
32	22	0.6295	0.3306	0:00:00.276164	1000
32	22	0.6469	0.3771	0:00:00.276383	1000
32	22	0.5267	0.06687	0:00:00.276512	1000
7	8	0.5769	0.194	0:00:00.275617	1000
7	18	0.5675	0.17	0:00:00.275987	1000
7	7	0.5538	0.1353	0:00:00.272992	1000
7	7	0.5184	0.04613	0:00:00.270821	1000
7	7	0.5705	0.1775	0:00:00.276652	1000
8	8	0.8327	0.9649	0:00:00.256720	1000
8	8	0.6576	0.4058	0:00:04.978137	18000
8	8	0.552	0.1307	0:00:00.275943	1000
8	8	0.5762	0.1922	0:00:00.275274	1000
8	8	0.6318	0.3365	0:00:00.276145	1000
18	18	0.8141	0.893	0:00:00.276012	1000
18	18	0.6387	0.3551	0:00:00.275005	1000
18	18	0.5601	0.1513	0:00:00.276170	1000
18	18	0.5846	0.2136	0:00:00.275856	1000
18	18	0.8187	0.9103	0:00:00.275623	1000
20	20	0.6098	0.2789	0:00:00.275707	1000
20	20	0.5738	0.1862	0:00:00.254749	1000
20	20	0.633	0.3399	0:00:00.255647	1000
20	8	0.5048	0.01206	0:00:00.830896	3000
20	18	0.5397	0.09956	0:00:00.254965	1000
32	8	0.5242	0.0606	0:00:00.252963	1000
32	32	0.5605	0.1522	0:00:00.255847	1000
32	8	0.5326	0.08169	0:00:00.275464	1000
32	32	0.5141	0.03529	0:00:00.254489	1000
32	8	0.5425	0.1067	0:00:00.254876	1000
15	15	0.6443	0.3701	0:00:00.275363	1000
15	15	0.8056	0.8618	0:00:00.253372	1000
15	15	0.6371	0.3508	0:00:00.254485	1000
15	15	0.6481	0.3801	0:00:00.252851	1000
15	15	0.6892	0.4936	0:00:00.253620	1000
23	27	0.6312	0.335	0:00:00.254948	1000
23	32	0.6664	0.4299	0:00:00.276996	1000
23	25	0.7364	0.6324	0:00:00.275010	1000
23	23	0.5041	0.01017	0:00:00.830472	3000
23	23	0.564	0.1611	0:00:00.276961	1000
25	32	0.5089	0.02225	0:00:00.276703	1000
25	25	0.5152	0.03802	0:00:00.276155	1000
25	25	0.5221	0.0553	0:00:00.254351	1000
25	32	0.5456	0.1145	0:00:00.255556	1000
25	23	0.5693	0.1746	0:00:00.275898	1000
27	23	0.5576	0.1449	0:00:00.276495	1000
27	23	0.5716	0.1804	0:00:00.255760	1000
27	27	0.5639	0.1609	0:00:00.275526	1000
27	27	0.8076	0.869	0:00:00.275417	1000
27	27	0.5978	0.2476	0:00:00.275855	1000
32	32	0.752	0.6809	0:00:00.552191	2000
32	32	0.7008	0.5267	0:00:00.275575	1000
32	27	0.5356	0.08948	0:00:00.277447	1000
32	32	0.6363	0.3487	0:00:00.275940	1000
32	32	0.7496	0.6731	0:00:00.275364	1000
0	25	0.5336	0.08437	0:00:00.275079	1000
0	25	0.5828	0.209	0:00:00.276416	1000
0	0	0.5358	0.08997	0:00:00.276336	1000
0	45	0.5255	0.06389	0:00:00.255474	1000
0	25	0.5998	0.2527	0:00:00.276642	1000
10	25	0.5542	0.1362	0:00:00.275446	1000
10	10	0.5003	0.0008274	0:00:14.785356	58000
10	10	0.6326	0.3388	0:00:00.275512	1000
10	25	0.7038	0.5352	0:00:00.255485	1000
10	10	0.6144	0.2908	0:00:00.275632	1000
25	0	0.5262	0.06573	0:00:00.276861	1000
25	25	0.5185	0.04635	0:00:00.275826	1000
25	25	0.629	0.3292	0:00:00.276145	1000
25	0	0.5118	0.02958	0:00:00.277276	1000
25	25	0.6199	0.3052	0:00:00.276489	1000
40	45	0.5614	0.1544	0:00:00.276284	1000
40	10	0.6548	0.3984	0:00:00.275740	1000
40	45	0.6268	0.3234	0:00:00.276370	1000
40	25	0.6859	0.4841	0:00:00.275323	1000
40	25	0.6018	0.258	0:00:00.276729	1000
45	25	0.5339	0.08508	0:00:00.275213	1000
45	45	0.6506	0.3868	0:00:02.209330	8000
45	45	0.6378	0.3527	0:00:00.276546	1000
45	0	0.7576	0.6985	0:00:00.276441	1000
45	25	0.5179	0.04478	0:00:00.276634	1000
6	6	0.738	0.6372	0:00:00.275353	1000
6	8	0.5181	0.04547	0:00:01.105820	4000
6	25	0.5375	0.09403	0:00:00.276165	1000
6	11	0.6048	0.2658	0:00:00.276008	1000
6	11	0.5947	0.2396	0:00:00.275240	1000
8	6	0.5877	0.2216	0:00:00.276397	1000
8	-1.0	0.0	-1.0	0:00:27.554676	100000
8	6	0.6865	0.486	0:00:00.275657	1000
8	6	0.5058	0.01466	0:00:05.199643	19000
8	8	0.58	0.2018	0:00:00.255481	1000
11	11	0.5533	0.1341	0:00:00.255535	1000
11	25	0.551	0.1281	0:00:00.276384	1000
11	25	0.5136	0.0342	0:00:00.275885	1000
11	11	0.7811	0.7758	0:00:00.276369	1000
11	11	0.5387	0.09723	0:00:00.276433	1000
25	25	0.67	0.44	0:00:00.276082	1000
25	25	0.508	0.01996	0:00:00.276029	1000
25	8	0.5562	0.1415	0:00:10.449917	38000
25	8	0.5388	0.09731	0:00:00.550784	2000
25	8	0.5395	0.09924	0:00:00.276443	1000
43	43	0.6926	0.5031	0:00:00.275351	1000
43	25	0.5096	0.02404	0:00:00.276738	1000
43	43	0.8605	1.083	0:00:00.276651	1000
43	43	0.6289	0.3289	0:00:00.275740	1000
43	43	0.8399	0.9941	0:00:00.277134	1000
7	42	0.5171	0.04295	0:00:01.103753	4000
7	48	0.5102	0.02555	0:00:01.383018	5000
7	42	0.7803	0.7731	0:00:01.660064	6000
7	42	0.5645	0.1624	0:00:00.275692	1000
7	7	0.5393	0.09866	0:00:00.829482	3000
14	42	0.5169	0.04238	0:00:01.660514	6000
14	48	0.7173	0.5748	0:00:00.275862	1000
14	48	0.5397	0.09977	0:00:00.276484	1000
14	48	0.7807	0.7746	0:00:00.254790	1000
14	48	0.7084	0.5488	0:00:00.780530	3000
28	48	0.6599	0.4122	0:00:00.270423	1000
28	28	0.5076	0.01902	0:00:03.045046	12000
28	14	0.6356	0.3466	0:00:01.295786	5000
28	42	0.5342	0.08578	0:00:00.509567	2000
28	14	0.5811	0.2047	0:00:00.254944	1000
42	7	0.8692	1.123	0:00:00.805525	3000
42	48	0.5993	0.2515	0:00:02.207613	8000
42	42	0.5685	0.1726	0:00:00.276199	1000
42	48	0.6106	0.2808	0:00:00.233885	1000
42	48	0.6441	0.3695	0:00:00.255875	1000
48	14	0.7526	0.6826	0:00:00.253515	1000
48	42	0.6387	0.3549	0:00:00.252293	1000
48	28	0.5256	0.0641	0:00:00.254024	1000
48	42	0.657	0.4044	0:00:00.257993	1000
48	7	0.6142	0.2902	0:00:00.252397	1000
4	4	0.5267	0.06708	0:00:00.253898	1000
4	4	0.5124	0.03098	0:00:00.525573	2000
4	4	0.5561	0.1412	0:00:00.253734	1000
4	4	0.5069	0.0172	0:00:00.252410	1000
4	4	0.6848	0.4811	0:00:00.252451	1000
16	34	0.5575	0.1447	0:00:00.252855	1000
16	4	0.5329	0.08266	0:00:00.253078	1000
16	42	0.5707	0.1783	0:00:00.255374	1000
16	4	0.5526	0.1323	0:00:00.547508	2000
16	42	0.5016	0.004037	0:00:03.016207	11000
34	34	0.5554	0.1393	0:00:00.551918	2000
34	34	0.6441	0.3695	0:00:00.275767	1000
34	34	0.5271	0.068	0:00:00.275919	1000
34	34	0.69	0.4959	0:00:00.276314	1000
34	4	0.5182	0.04556	0:00:00.276136	1000
36	36	0.58	0.202	0:00:00.275782	1000
36	36	0.5541	0.1361	0:00:00.275996	1000
36	36	0.614	0.2897	0:00:00.276346	1000
36	16	0.6282	0.3272	0:00:00.275354	1000
36	36	0.5605	0.1523	0:00:00.275715	1000
42	42	0.6554	0.3998	0:00:00.276420	1000
42	42	0.5208	0.05212	0:00:00.275457	1000
42	42	0.5122	0.03049	0:00:00.275136	1000
42	42	0.5529	0.1331	0:00:07.714306	28000
42	42	0.5117	0.02933	0:00:00.553557	2000
9	39	0.6044	0.2646	0:00:00.275663	1000
9	9	0.5807	0.2037	0:00:00.255808	1000
9	9	0.5063	0.01568	0:00:01.532196	6000
9	39	0.5631	0.1588	0:00:00.276235	1000
9	39	0.5461	0.1159	0:00:00.276704	1000
22	22	0.582	0.2071	0:00:00.277208	1000
22	45	0.5161	0.04042	0:00:00.276356	1000
22	39	0.693	0.5045	0:00:00.275691	1000
22	9	0.5273	0.06855	0:00:00.254972	1000
22	45	0.514	0.03498	0:00:00.255976	1000
32	-1.0	0.0	-1.0	0:00:27.386803	100000
32	45	0.6243	0.3168	0:00:00.277219	1000
32	45	0.5924	0.2337	0:00:00.274984	1000
32	32	0.5222	0.05574	0:00:00.508203	2000
32	22	0.6789	0.4646	0:00:00.253085	1000
39	39	0.5555	0.1395	0:00:01.532577	6000
39	39	0.5412	0.1033	0:00:00.276010	1000
39	39	0.632	0.3372	0:00:01.644054	6000
39	39	0.7661	0.7261	0:00:01.588624	6000
39	32	0.5138	0.03471	0:00:00.507638	2000
45	45	0.8283	0.9475	0:00:00.260845	1000
45	32	0.5029	0.007165	0:00:01.923449	7000
45	45	0.5073	0.0184	0:00:01.535417	6000
45	9	0.6481	0.3803	0:00:00.255962	1000
45	9	0.5393	0.09854	0:00:00.275895	1000
2	2	0.877	1.16	0:00:00.275681	1000
2	2	0.658	0.407	0:00:00.276971	1000
2	16	0.5636	0.1601	0:00:00.275881	1000
2	16	0.621	0.3081	0:00:00.276253	1000
2	16	0.8912	1.233	0:00:00.235852	1000
4	35	0.5115	0.02891	0:00:00.276106	1000
4	4	0.56	0.151	0:00:00.276782	1000
4	4	0.6052	0.2668	0:00:00.275598	1000
4	35	0.5566	0.1424	0:00:00.276065	1000
4	4	0.5165	0.04138	0:00:00.255428	1000
16	16	0.8182	0.9086	0:00:00.278190	1000
16	16	0.6723	0.4461	0:00:00.275948	1000
16	16	0.6104	0.2804	0:00:00.275934	1000
16	16	0.728	0.6066	0:00:00.276694	1000
16	17	0.6018	0.258	0:00:00.275403	1000
17	4	0.5021	0.005187	0:00:05.233189	19000
17	35	0.5022	0.005606	0:00:02.437662	9000
17	17	0.5591	0.1486	0:00:00.275870	1000
17	17	0.5798	0.2015	0:00:00.552541	2000
17	2	0.5373	0.09359	0:00:00.276461	1000
35	17	0.5045	0.0113	0:00:01.937518	7000
35	16	0.5873	0.2205	0:00:00.276112	1000
35	4	0.531	0.07784	0:00:00.828859	3000
35	17	0.5112	0.02816	0:00:00.275986	1000
35	35	0.5289	0.07258	0:00:00.275447	1000
8	8	0.7088	0.5498	0:00:00.274908	1000
8	37	0.5369	0.09252	0:00:00.276134	1000
8	14	0.6124	0.2855	0:00:00.276479	1000
8	8	0.6176	0.2993	0:00:00.276220	1000
8	8	0.6805	0.4692	0:00:00.275902	1000
10	14	0.5583	0.1467	0:00:00.276273	1000
10	14	0.5237	0.05941	0:00:00.276016	1000
10	14	0.7265	0.6023	0:00:00.276908	1000
10	10	0.5187	0.04693	0:00:00.551422	2000
10	37	0.546	0.1157	0:00:00.276104	1000
14	14	0.5795	0.2007	0:00:00.276119	1000
14	39	0.6125	0.2859	0:00:00.276490	1000
14	14	0.608	0.2742	0:00:00.275957	1000
14	10	0.5367	0.09218	0:00:00.276527	1000
14	14	0.5027	0.006647	0:00:00.828488	3000
37	39	0.5055	0.01381	0:00:00.550898	2000
37	37	0.5448	0.1126	0:00:00.275736	1000
37	37	0.5914	0.2312	0:00:00.275425	1000
37	37	0.5241	0.0604	0:00:00.275805	1000
37	8	0.5508	0.1276	0:00:01.105744	4000
39	39	0.7198	0.5822	0:00:00.276232	1000
39	39	0.7246	0.5966	0:00:00.275844	1000
39	39	0.5552	0.1389	0:00:00.256051	1000
39	39	0.6034	0.2621	0:00:00.274943	1000
39	39	0.6585	0.4084	0:00:00.276032	1000
20	20	0.6275	0.3252	0:00:00.274570	1000
20	20	0.6325	0.3384	0:00:00.275855	1000
20	20	0.5364	0.09128	0:00:00.274625	1000
20	20	0.6824	0.4744	0:00:00.276249	1000
20	20	0.5089	0.0222	0:00:00.276016	1000
22	22	0.5055	0.01379	0:00:01.102006	4000
22	22	0.6662	0.4295	0:00:00.276050	1000
22	22	0.5692	0.1743	0:00:00.275146	1000
22	22	0.584	0.2121	0:00:00.276498	1000
22	31	0.5791	0.1995	0:00:00.274940	1000
31	31	0.6293	0.33	0:00:00.275671	1000
31	31	0.5603	0.1517	0:00:00.276364	1000
31	33	0.5057	0.01434	0:00:00.275698	1000
31	22	0.6373	0.3512	0:00:00.275875	1000
31	31	0.593	0.2353	0:00:00.256140	1000
33	47	0.5788	0.1988	0:00:00.266479	1000
33	33	0.8359	0.9776	0:00:00.264535	1000
33	33	0.8464	1.021	0:00:00.219144	1000
33	33	0.8132	0.8897	0:00:00.272117	1000
33	33	0.6802	0.4683	0:00:00.277380	1000
47	47	0.6193	0.3036	0:00:00.282279	1000
47	47	0.5607	0.1528	0:00:00.255564	1000
47	22	0.515	0.03751	0:00:00.552708	2000
47	47	0.5528	0.1327	0:00:00.276301	1000
47	47	0.5152	0.03806	0:00:00.275523	1000
