label	predict	radius	time
12	45	0.06391	0:01:14.196012
12	12	0.4135	0:00:06.022269
12	-1.0	-1.0	0:01:42.176330
12	42	0.07989	0:00:41.671567
12	35	0.6548	0:00:06.149380
35	-1.0	-1.0	0:02:36.183122
35	42	0.1643	0:01:24.138643
35	35	0.2898	0:00:12.411430
35	42	0.6134	0:00:19.423381
35	-1.0	-1.0	0:02:29.181213
41	-1.0	-1.0	0:02:47.547071
41	-1.0	-1.0	0:02:44.006062
41	42	0.3915	0:00:10.531226
41	-1.0	-1.0	0:02:42.427119
41	-1.0	-1.0	0:02:37.636332
42	12	0.4685	0:00:12.994682
42	35	0.2204	0:00:10.414716
42	42	0.249	0:00:33.487279
42	42	0.376	0:01:06.067924
42	45	0.6328	0:00:31.802370
45	-1.0	-1.0	0:02:48.613335
45	35	0.2632	0:00:10.813742
45	42	0.1607	0:00:07.078216
45	45	0.3521	0:00:12.038226
45	12	0.1905	0:00:47.684478
12	36	0.4256	0:00:10.906845
12	12	0.5303	0:00:08.708075
12	12	0.6353	0:00:11.255213
12	12	0.556	0:00:20.672216
12	32	0.09272	0:01:19.090756
15	15	0.8739	0:00:09.587080
15	15	0.8667	0:00:11.675758
15	15	0.8312	0:00:10.184555
15	12	0.1332	0:00:09.512502
15	15	0.816	0:00:09.645897
22	32	0.6842	0:00:11.745424
22	22	0.3908	0:00:07.783958
22	12	0.5799	0:00:12.212238
22	22	0.1402	0:00:08.506935
22	-1.0	-1.0	0:02:38.393868
32	22	0.4987	0:00:08.820101
32	-1.0	-1.0	0:02:35.923326
32	36	0.5162	0:00:10.621550
32	32	0.489	0:00:07.399288
32	22	0.1179	0:00:59.516105
36	-1.0	-1.0	0:02:47.003693
36	36	0.1006	0:00:21.158663
36	36	0.1602	0:00:09.860986
36	32	0.105	0:01:04.021835
36	36	0.1423	0:00:11.245030
12	35	0.3084	0:00:33.556480
12	-1.0	-1.0	0:02:37.840813
12	35	0.09875	0:00:32.592140
12	-1.0	-1.0	0:02:37.602657
12	35	0.04437	0:01:18.019496
27	27	0.3302	0:00:10.207412
27	27	0.1202	0:00:10.783778
27	27	0.2489	0:00:08.010553
27	27	0.3593	0:00:12.017213
27	27	0.4838	0:00:07.391652
31	47	0.2253	0:00:11.263900
31	35	0.1713	0:00:08.002205
31	47	0.2032	0:00:46.580055
31	31	0.6875	0:00:07.552572
31	31	0.788	0:00:09.310786
35	47	0.1724	0:00:21.748083
35	47	0.1774	0:00:19.610796
35	47	0.2033	0:00:10.351936
35	35	0.4381	0:00:10.434523
35	47	0.1945	0:00:32.784388
47	35	0.2283	0:00:07.117190
47	47	0.1179	0:00:38.084796
47	47	0.1979	0:00:07.703358
47	-1.0	-1.0	0:02:47.378619
47	47	0.06786	0:01:56.672676
0	0	0.4608	0:00:22.077313
0	-1.0	-1.0	0:02:33.228596
0	0	0.6852	0:00:22.608557
0	0	0.1161	0:01:38.803257
0	0	0.2884	0:00:48.848392
1	-1.0	-1.0	0:02:35.510382
1	-1.0	-1.0	0:03:04.957003
1	7	0.2502	0:03:09.210468
1	0	0.2966	0:00:39.886239
1	-1.0	-1.0	0:03:09.154773
7	0	0.1103	0:02:02.407120
7	0	0.3572	0:00:32.962211
7	0	0.4741	0:01:45.150757
7	0	0.1599	0:01:15.212403
7	-1.0	-1.0	0:02:37.309117
15	15	0.554	0:00:11.476896
15	15	0.5354	0:00:11.014461
15	15	0.5077	0:00:11.403286
15	15	0.5397	0:00:10.764146
15	15	0.6201	0:00:11.385895
42	0	0.74	0:00:09.528485
42	-1.0	-1.0	0:02:37.407961
42	-1.0	-1.0	0:03:05.903116
42	-1.0	-1.0	0:02:45.067913
42	-1.0	-1.0	0:02:31.617678
0	-1.0	-1.0	0:02:54.057397
0	-1.0	-1.0	0:03:13.786885
0	10	0.3329	0:01:11.733177
0	-1.0	-1.0	0:03:10.613394
0	10	0.1522	0:01:09.887636
5	5	0.8675	0:00:10.645645
5	5	0.7436	0:00:06.862830
5	5	0.2357	0:00:10.391973
5	5	0.5454	0:01:01.835063
5	5	0.2883	0:00:10.162667
10	10	0.3753	0:00:34.199639
10	-1.0	-1.0	0:02:35.951514
10	10	0.1514	0:01:05.108359
10	-1.0	-1.0	0:02:45.921997
10	10	0.1568	0:01:08.340047
24	10	0.2019	0:00:33.718578
24	10	0.11	0:02:44.931460
24	10	0.2284	0:00:30.768272
24	10	0.2138	0:00:29.874696
24	-1.0	-1.0	0:02:47.839607
40	40	1.097	0:00:46.418641
40	-1.0	-1.0	0:02:54.233281
40	5	0.02896	0:01:41.929233
40	-1.0	-1.0	0:02:50.018373
40	10	0.1658	0:00:50.357919
7	7	0.1239	0:02:11.682085
7	-1.0	-1.0	0:02:42.548865
7	-1.0	-1.0	0:02:44.625435
7	-1.0	-1.0	0:02:43.812146
7	-1.0	-1.0	0:02:35.646612
14	-1.0	-1.0	0:02:43.302000
14	-1.0	-1.0	0:02:25.585880
14	-1.0	-1.0	0:03:24.345412
14	14	0.1353	0:00:43.607610
14	-1.0	-1.0	0:03:29.430547
32	46	0.2211	0:00:31.637226
32	42	0.298	0:00:15.105931
32	7	0.1376	0:00:49.707730
32	-1.0	-1.0	0:03:50.074496
32	7	0.1531	0:01:44.227095
42	-1.0	-1.0	0:03:32.382229
42	42	0.2307	0:00:58.810375
42	14	0.1427	0:00:43.325078
42	7	0.2143	0:01:51.041207
42	-1.0	-1.0	0:03:38.392327
46	-1.0	-1.0	0:03:39.677911
46	-1.0	-1.0	0:03:16.736025
46	7	0.1851	0:01:05.377954
46	-1.0	-1.0	0:03:29.219975
46	-1.0	-1.0	0:03:24.952933
0	26	0.07517	0:01:36.488381
0	0	0.5007	0:02:33.613527
0	0	0.2072	0:00:09.569170
0	0	0.2567	0:00:15.125075
0	0	0.1636	0:00:27.296248
12	0	0.4996	0:01:17.971536
12	0	0.4512	0:00:26.356085
12	0	0.05306	0:03:12.124516
12	0	0.1481	0:00:25.247819
12	-1.0	-1.0	0:03:33.278982
20	38	0.203	0:00:12.861856
20	-1.0	-1.0	0:03:15.601853
20	-1.0	-1.0	0:03:35.436695
20	-1.0	-1.0	0:03:40.039894
20	20	0.4236	0:00:13.837810
26	0	0.1224	0:00:49.435889
26	0	0.198	0:00:13.877936
26	0	0.37	0:01:05.006172
26	0	0.2929	0:00:17.406919
26	0	0.08054	0:01:05.902932
38	38	0.4121	0:00:10.804328
38	0	0.1122	0:00:29.124303
38	38	0.1648	0:00:33.106178
38	0	0.4206	0:02:21.582511
38	-1.0	-1.0	0:03:37.565825
12	12	0.08087	0:00:45.550115
12	47	0.344	0:00:14.445232
12	12	0.2408	0:00:29.065944
12	-1.0	-1.0	0:03:31.861629
12	12	0.2926	0:00:31.279439
18	18	0.7071	0:00:10.349883
18	18	0.4135	0:00:14.698085
18	12	0.6428	0:00:16.532407
18	18	0.2022	0:00:13.340741
18	18	0.1417	0:00:14.470158
22	22	0.1945	0:00:10.973102
22	-1.0	-1.0	0:03:21.678285
22	22	0.08842	0:00:26.779530
22	47	0.4878	0:00:13.872910
22	22	0.1228	0:00:28.486607
25	-1.0	-1.0	0:03:31.382073
25	-1.0	-1.0	0:03:32.149836
25	25	0.2156	0:02:32.036273
25	47	0.25	0:00:13.805159
25	47	0.2082	0:00:13.563255
47	-1.0	-1.0	0:03:13.365628
47	47	0.2608	0:00:15.249958
47	47	0.3195	0:00:12.424097
47	47	0.2129	0:00:44.498805
47	-1.0	-1.0	0:03:35.333212
13	13	0.1091	0:00:16.483180
13	13	0.6183	0:00:31.416487
13	13	0.6065	0:00:16.459386
13	16	0.5548	0:03:05.532716
13	-1.0	-1.0	0:03:21.900596
16	25	0.4206	0:03:08.838090
16	25	0.2681	0:00:14.791887
16	-1.0	-1.0	0:03:28.949611
16	-1.0	-1.0	0:03:23.470806
16	25	0.5863	0:00:12.165340
25	25	0.4712	0:00:12.176429
25	25	0.4172	0:00:10.344342
25	25	0.63	0:00:50.206495
25	25	0.2472	0:00:16.075187
25	-1.0	-1.0	0:03:34.281215
37	16	0.6014	0:00:14.221066
37	-1.0	-1.0	0:03:49.727416
37	37	0.583	0:00:11.622690
37	37	0.5244	0:00:11.840767
37	37	0.6328	0:03:23.636900
48	48	0.3677	0:00:10.975963
48	-1.0	-1.0	0:03:28.666693
48	25	0.09319	0:00:28.201528
48	25	0.2551	0:00:25.136196
48	48	0.09038	0:00:45.478533
2	25	0.1534	0:00:26.918101
2	2	0.7287	0:00:14.299913
2	25	0.1501	0:03:32.352260
2	25	0.1267	0:00:25.085947
2	2	0.2921	0:00:12.484180
25	25	0.6284	0:00:13.367260
25	25	0.3679	0:01:08.220059
25	25	0.903	0:00:12.690429
25	25	0.3981	0:00:30.444188
25	2	0.4231	0:00:09.167408
29	29	0.5238	0:00:14.433118
29	29	0.3713	0:00:26.981230
29	29	0.1594	0:00:12.146043
29	29	0.1235	0:00:13.250523
29	29	0.2172	0:00:11.898664
31	25	0.2776	0:00:12.829539
31	2	0.8937	0:00:11.101641
31	25	0.9726	0:02:36.516914
31	2	0.2136	0:00:15.527229
31	29	0.08812	0:00:41.823016
37	2	0.3427	0:00:17.222119
37	37	0.09783	0:00:21.402771
37	-1.0	-1.0	0:03:48.177721
37	37	0.6674	0:00:13.390710
37	37	0.3261	0:00:09.067885
6	6	0.2479	0:00:15.693903
6	6	0.2931	0:00:38.077302
6	13	0.1143	0:00:48.445507
6	11	0.2983	0:00:16.236175
6	6	0.07094	0:01:00.779486
11	-1.0	-1.0	0:03:17.547165
11	6	0.2599	0:00:15.685634
11	23	0.1999	0:00:14.429361
11	-1.0	-1.0	0:03:17.755004
11	6	0.3013	0:00:16.064331
13	13	0.2733	0:00:10.295697
13	13	0.4857	0:00:14.619133
13	13	0.2835	0:00:15.491621
13	13	0.457	0:01:16.299108
13	13	0.1837	0:00:11.991727
23	6	0.4332	0:00:49.929821
23	6	0.08448	0:00:44.823724
23	6	0.06915	0:00:31.284107
23	23	0.1073	0:00:27.305562
23	39	0.4321	0:00:45.943561
39	39	0.9333	0:00:11.193792
39	-1.0	-1.0	0:03:25.559948
39	39	0.7349	0:00:21.948127
39	39	0.649	0:00:16.405373
39	11	0.2563	0:00:10.082930
4	4	0.4134	0:00:15.299699
4	4	0.4043	0:00:11.536086
4	4	0.1241	0:00:47.182070
4	-1.0	-1.0	0:03:15.470260
4	4	0.9422	0:02:05.023512
14	14	0.2232	0:03:36.876822
14	-1.0	-1.0	0:03:26.862013
14	-1.0	-1.0	0:03:34.285499
14	-1.0	-1.0	0:03:15.593601
14	-1.0	-1.0	0:03:15.612155
24	24	0.3454	0:01:12.758313
24	-1.0	-1.0	0:03:26.966739
24	24	0.2811	0:01:36.664875
24	24	0.5067	0:00:25.926711
24	-1.0	-1.0	0:03:10.266407
31	14	0.2378	0:02:20.506675
31	-1.0	-1.0	0:03:15.533681
31	-1.0	-1.0	0:04:02.269802
31	31	0.3474	0:00:17.444306
31	31	0.05944	0:02:18.103446
41	-1.0	-1.0	0:04:25.129345
41	-1.0	-1.0	0:04:15.429850
41	-1.0	-1.0	0:04:09.556387
41	-1.0	-1.0	0:04:22.110966
41	14	0.4374	0:00:51.611033
31	47	0.7685	0:00:38.538848
31	31	0.2203	0:00:19.153577
31	31	0.1147	0:00:38.062674
31	-1.0	-1.0	0:04:07.882485
31	47	0.1474	0:00:16.298428
33	-1.0	-1.0	0:04:04.656811
33	33	0.6642	0:00:22.051172
33	-1.0	-1.0	0:04:15.043849
33	-1.0	-1.0	0:04:05.500569
33	33	0.4701	0:00:18.909946
37	37	0.4186	0:01:57.506955
37	-1.0	-1.0	0:04:09.131040
37	47	0.1881	0:00:13.464922
37	-1.0	-1.0	0:04:05.012361
37	47	0.0535	0:01:14.516529
38	-1.0	-1.0	0:04:17.416408
38	38	0.3585	0:00:14.002091
38	37	0.2049	0:00:17.958349
38	31	0.2026	0:00:17.703980
38	38	0.249	0:00:17.610863
47	-1.0	-1.0	0:04:00.945701
47	37	0.08977	0:00:51.406129
47	47	0.3946	0:00:38.272615
47	47	0.4879	0:00:17.233516
47	-1.0	-1.0	0:04:20.368947
4	4	0.397	0:00:14.673871
4	4	0.9388	0:00:12.070936
4	-1.0	-1.0	0:04:25.436748
4	4	0.6059	0:00:17.327403
4	21	0.4812	0:00:29.154807
13	13	0.2784	0:00:19.283371
13	13	0.4085	0:00:17.822284
13	13	0.2878	0:00:19.843218
13	13	0.435	0:00:17.151548
13	13	0.2237	0:00:19.578337
21	37	0.231	0:00:10.752074
21	37	0.1684	0:00:33.946725
21	-1.0	-1.0	0:04:13.952984
21	48	0.1849	0:00:14.663061
21	37	0.4331	0:00:18.320479
37	37	0.1528	0:00:34.423105
37	-1.0	-1.0	0:03:58.684190
37	37	0.1866	0:00:19.429763
37	-1.0	-1.0	0:03:57.286041
37	37	0.3494	0:03:10.659333
48	48	0.1722	0:00:18.567941
48	-1.0	-1.0	0:04:09.047398
48	37	0.3272	0:00:16.809121
48	37	0.1544	0:00:33.526483
48	37	0.06103	0:01:45.467843
9	-1.0	-1.0	0:04:06.418176
9	9	0.1188	0:00:30.140873
9	9	0.3796	0:00:16.653159
9	9	0.4784	0:00:13.757255
9	28	0.4169	0:00:35.697801
18	26	0.7483	0:00:18.036728
18	18	0.9127	0:00:35.169707
18	18	0.6551	0:00:12.802172
18	26	0.3334	0:00:36.036583
18	26	0.133	0:03:33.381881
22	26	0.1421	0:03:07.865741
22	22	0.479	0:02:28.386202
22	-1.0	-1.0	0:04:19.765924
22	22	0.2488	0:00:17.710249
22	-1.0	-1.0	0:03:58.201123
26	26	0.1564	0:02:08.544546
26	22	0.2346	0:00:32.066870
26	22	0.289	0:00:34.718162
26	26	0.2397	0:00:57.029638
26	26	0.2791	0:00:31.443966
28	-1.0	-1.0	0:04:21.769531
28	28	0.5866	0:00:20.322938
28	26	0.3571	0:00:35.000822
28	26	0.1556	0:02:35.562404
28	28	0.6626	0:00:15.664838
2	12	0.4014	0:00:17.428224
2	2	0.4026	0:00:13.493386
2	2	0.2876	0:00:18.631400
2	2	0.2575	0:00:19.935580
2	2	0.218	0:00:15.763752
12	12	0.1897	0:00:17.369565
12	2	0.506	0:00:29.884019
12	2	0.5024	0:00:18.558873
12	2	0.4354	0:00:16.288315
12	2	0.5615	0:00:15.821481
23	28	0.07062	0:00:56.406758
23	28	0.1256	0:00:09.998531
23	28	0.4543	0:00:48.123816
23	2	0.4175	0:00:20.787956
23	12	0.04332	0:02:39.425530
28	28	0.547	0:00:22.422884
28	2	0.1532	0:00:12.467355
28	28	0.1511	0:00:20.212692
28	2	0.08096	0:00:29.794731
28	2	0.183	0:00:20.272470
43	-1.0	-1.0	0:04:32.326035
43	43	0.3895	0:00:11.540832
43	43	0.2575	0:00:19.125670
43	28	0.06099	0:02:02.316024
43	43	0.2448	0:00:14.764987
8	-1.0	-1.0	0:04:13.735812
8	8	0.2915	0:00:32.738173
8	8	0.14	0:03:04.656323
8	8	0.2898	0:00:31.992588
8	8	0.3211	0:00:34.165895
13	35	0.3051	0:02:03.433453
13	13	0.6559	0:00:19.437073
13	13	0.6477	0:00:13.736141
13	13	0.7761	0:00:18.858025
13	13	0.785	0:00:13.863030
35	-1.0	-1.0	0:04:07.493852
35	35	0.1546	0:00:12.972171
35	35	0.3786	0:02:47.414369
35	35	0.3099	0:02:44.666491
35	-1.0	-1.0	0:04:11.339098
38	35	0.2952	0:00:29.324948
38	-1.0	-1.0	0:04:10.345951
38	-1.0	-1.0	0:04:23.130164
38	38	0.4256	0:00:11.481831
38	38	0.196	0:00:21.465834
48	35	0.06276	0:03:08.345072
48	35	0.5656	0:00:41.263846
48	-1.0	-1.0	0:04:07.059776
48	-1.0	-1.0	0:04:18.555352
48	-1.0	-1.0	0:04:34.427668
10	10	0.4396	0:00:13.031420
10	10	0.7446	0:00:18.723441
10	10	0.6984	0:00:13.173569
10	-1.0	-1.0	0:04:14.260062
10	10	0.7179	0:00:19.428299
13	10	0.1475	0:00:18.237067
13	-1.0	-1.0	0:04:08.504157
13	13	0.4555	0:02:29.649042
13	-1.0	-1.0	0:04:04.528747
13	-1.0	-1.0	0:04:11.138357
25	10	0.2855	0:00:17.051997
25	25	0.4117	0:00:17.099038
25	10	0.5259	0:00:13.705415
25	10	0.1917	0:00:18.515228
25	25	0.04877	0:02:00.814635
27	27	0.6933	0:00:15.834461
27	27	0.8201	0:00:16.836927
27	-1.0	-1.0	0:04:08.144412
27	27	0.05955	0:00:56.876977
27	10	0.04896	0:01:18.581993
33	-1.0	-1.0	0:04:04.959404
33	-1.0	-1.0	0:03:49.832156
33	-1.0	-1.0	0:03:49.789841
33	10	0.4776	0:01:14.495385
33	25	0.349	0:00:42.847197
10	-1.0	-1.0	0:03:57.987491
10	46	0.1828	0:02:07.433362
10	-1.0	-1.0	0:04:02.756526
10	-1.0	-1.0	0:04:02.768770
10	-1.0	-1.0	0:04:12.691613
18	-1.0	-1.0	0:04:10.654735
18	18	0.881	0:00:51.504410
18	18	0.4644	0:00:18.007625
18	18	0.2385	0:01:56.696503
18	18	0.8628	0:01:20.427354
22	-1.0	-1.0	0:03:53.293000
22	22	0.6155	0:00:31.506173
22	-1.0	-1.0	0:03:52.806905
22	22	0.0506	0:03:30.966136
22	-1.0	-1.0	0:03:55.943599
26	46	0.1571	0:02:07.885609
26	46	0.1939	0:02:39.243170
26	26	0.1592	0:02:30.432211
26	-1.0	-1.0	0:03:49.665126
26	-1.0	-1.0	0:04:03.595438
46	46	0.1226	0:04:07.230440
46	-1.0	-1.0	0:04:16.643190
46	-1.0	-1.0	0:03:45.853370
46	26	0.1393	0:03:30.053240
46	-1.0	-1.0	0:03:53.226409
4	4	0.08293	0:02:17.266936
4	4	0.2399	0:00:18.114523
4	-1.0	-1.0	0:04:08.199058
4	4	0.3214	0:02:03.838551
4	4	0.5226	0:00:15.969288
9	9	0.1369	0:00:54.522736
9	4	0.4882	0:00:10.597009
9	4	0.2752	0:00:52.686715
9	4	0.7276	0:00:17.778601
9	4	0.4578	0:00:13.291987
16	16	0.212	0:00:15.867945
16	16	0.1361	0:00:38.458821
16	16	0.1821	0:00:17.021949
16	16	0.5472	0:00:18.445162
16	-1.0	-1.0	0:03:56.768477
45	45	0.8179	0:00:16.432682
45	46	0.1295	0:00:18.087054
45	45	0.279	0:00:18.227915
45	-1.0	-1.0	0:04:03.433060
45	45	1.002	0:00:35.505801
46	46	0.08362	0:01:10.586647
46	46	0.09393	0:00:58.887177
46	46	0.2599	0:00:14.982947
46	46	0.2046	0:00:17.397583
46	46	0.2908	0:00:19.666404
